P0000 0.0045662 2142 79 2190 109
P0000 0.0045662 3064 95 3142 143
P0000 0.0045662 3601 64 3715 135
P0000 0.0045662 3405 278 3445 303
P0000 0.0045662 3236 230 3318 281
P0000 0.0045662 3207 222 3295 277
P0000 0.0045662 509 354 609 417
P0000 0.0045662 621 420 699 468
P0000 0.0045662 3584 441 3685 504
P0000 0.0045662 2143 622 2188 650
P0000 0.0045662 231 589 322 646
P0000 0.0045662 402 675 569 779
P0000 0.0045662 2170 671 2210 696
P0000 0.0045662 2139 688 2179 713
P0000 0.0045662 277 735 319 761
P0000 0.0045662 1598 823 1638 848
P0000 0.0045662 2294 783 2389 843
P0000 0.0045662 1054 811 1157 875
P0000 0.0045662 794 960 838 987
P0000 0.0045662 2509 963 2549 988
P0000 0.0045662 860 988 912 1020
P0000 0.0045662 2381 1008 2421 1033
P0000 0.0045662 359 1027 405 1055
P0000 0.0045662 882 976 970 1031
P0000 0.0045662 76 1071 122 1099
P0000 0.0045662 1006 1048 1049 1075
P0000 0.0045662 1016 1071 1068 1103
P0000 0.0045662 64 1059 137 1105
P0000 0.0045662 901 1029 999 1090
P0000 0.0045662 284 1189 329 1217
P0000 0.0045662 3373 1217 3425 1249
P0000 0.0045662 2742 1180 2877 1264
P0000 0.0045662 3567 1262 3607 1287
P0000 0.0045662 629 1225 716 1279
P0000 0.0045662 1343 1210 1437 1269
P0000 0.0045662 22 1215 110 1270
P0000 0.0045662 1245 1360 1285 1385
P0000 0.0045662 1219 1381 1259 1406
P0000 0.0045662 1250 1431 1290 1456
P0000 0.0045662 1229 1414 1281 1446
P0000 0.0045662 1324 1392 1364 1417
P0000 0.0045662 1269 1416 1309 1441
P0000 0.0045662 234 1476 274 1501
P0000 0.0045662 3262 1488 3307 1516
P0000 0.0045662 35 1430 122 1484
P0000 0.0045662 51 1358 148 1419
P0000 0.0045662 124 1467 169 1495
P0000 0.0045662 225 1511 278 1544
P0000 0.0045662 2631 1448 2768 1534
P0000 0.0045662 322 1481 424 1544
P0000 0.0045662 196 1510 284 1565
P0000 0.0045662 239 1566 279 1591
P0000 0.0045662 1867 1574 1909 1600
P0000 0.0045662 923 1559 1015 1616
P0000 0.0045662 1231 1644 1283 1676
P0000 0.0045662 891 1689 931 1714
P0000 0.0045662 1310 1679 1369 1715
P0000 0.0045662 485 1658 583 1719
P0000 0.0045662 78 1604 174 1664
P0000 0.0045662 964 1651 1052 1706
P0000 0.0045662 2416 1798 2466 1829
P0000 0.0045662 955 1726 1043 1781
P0000 0.0045662 2298 1819 2338 1844
P0000 0.0045662 1152 1830 1192 1855
P0000 0.0045662 784 1911 824 1936
P0000 0.0045662 3093 1844 3181 1899
P0000 0.0045662 34 1880 122 1935
P0000 0.0045662 38 1870 152 1941
P0000 0.0045662 1019 2042 1105 2096
P0000 0.0045662 3780 2075 3866 2128
P0000 0.0045662 1617 2096 1690 2142
P0000 0.0045662 3735 2114 3821 2167
P0000 0.0045662 379 2018 476 2079
P0000 0.0045662 663 2059 782 2133
P0000 0.0045662 815 2058 968 2154
P0000 0.0045662 840 2071 938 2132
P0000 0.0045662 654 2327 949 2512
P0000 0.0045662 63 2167 109 2195
P0000 0.0045662 1934 2145 1974 2170
P0000 0.0045662 2109 2259 2350 2410
P0000 0.0045662 1066 2152 1106 2177
P0000 0.0045662 1957 2198 2150 2319
P0000 0.0045662 987 2271 1070 2322
P0000 0.0045662 322 2283 406 2335
P0000 0.0045662 378 2310 434 2344
P0000 0.0045662 516 2396 563 2425
P0000 0.0045662 3690 2348 3771 2398
P0000 0.0045662 443 2359 540 2419
P0000 0.0045662 1845 2417 2032 2534
P0000 0.0045662 857 2522 989 2604
P0000 0.0045662 3737 2500 3777 2525
P0000 0.0045662 3734 2450 3839 2516
P0000 0.0045662 653 2539 755 2602
P0000 0.0045662 2384 2651 2431 2680
P0000 0.0045662 1859 2567 1973 2638
P0000 0.0045662 1080 2780 1160 2830
P0000 0.0045662 384 2832 471 2886
P0000 0.0045662 732 2734 824 2791
P0000 0.0045662 1879 2834 2072 2955
P0000 0.0045662 350 2884 396 2912
P0000 0.0045662 502 2889 554 2921
P0000 0.0045662 1877 2902 2060 3017
P0000 0.0045662 669 2947 766 3007
P0000 0.0045662 14 2890 97 2942
P0000 0.0045662 529 2889 615 2943
P0000 0.0045662 57 2907 115 2943
P0000 0.0045662 102 2927 176 2973
P0000 0.0045662 96 2923 148 2955
P0000 0.0045662 684 2959 724 2984
P0000 0.0045662 139 2942 190 2973
P0000 0.0045662 47 2976 100 3009
P0000 0.0045662 182 2958 238 2992
P0000 0.0045662 253 2989 317 3029
P0000 0.0045662 127 3010 183 3044
P0000 0.0045662 32 2967 181 3060
P0000 0.0045662 365 3051 414 3081
P0000 0.0045662 639 3061 713 3107
P0000 0.0045662 721 3065 782 3103
P0000 0.0045662 11 2962 107 3022
P0000 0.0045662 164 3031 313 3124
P0000 0.0045662 46 2979 141 3039
P0000 0.0045662 160 3018 261 3081
P0000 0.0045662 585 3039 679 3098
P0000 0.0045662 72 3151 152 3201
P0000 0.0045662 34 3140 120 3194
P0000 0.0045662 369 3171 409 3196
P0000 0.0045662 374 3085 462 3140
P0000 0.0045662 95 3203 242 3295
P0000 0.0045662 1570 3207 1741 3314
P0000 0.0045662 655 3219 709 3252
P0000 0.0045662 650 3267 724 3313
P0000 0.0045662 513 3144 601 3199
P0000 0.0045662 30 3260 194 3362
P0000 0.0045662 524 3120 638 3191
P0000 0.0045662 462 3287 546 3339
P0000 0.0045662 835 3291 875 3316
P0000 0.0045662 1578 3222 1675 3282
P0000 0.0045662 218 3369 287 3412
P0000 0.0045662 278 3400 326 3429
P0000 0.0045662 2219 3295 2316 3355
P0000 0.0045662 164 3463 205 3489
P0000 0.0045662 484 3427 524 3452
P0000 0.0045662 273 3466 318 3494
P0000 0.0045662 415 3487 494 3536
P0000 0.0045662 453 3412 541 3467
P0000 0.0045662 287 3592 338 3623
P0000 0.0045662 1228 3626 1272 3653
P0000 0.0045662 455 3595 495 3620
P0000 0.0045662 336 3563 424 3618
P0000 0.0045662 808 3804 860 3836
P0000 0.0045662 193 3732 294 3795
P0000 0.0045662 318 3817 358 3842
P0000 0.0045662 366 4073 406 4098
P0000 0.0045662 770 4134 841 4178
P0000 0.0045662 2868 4252 2908 4277
P0000 0.0045662 3017 4372 3110 4430
P0000 0.0045662 2895 4386 2980 4439
P0000 0.0045662 1462 4381 1556 4440
P0000 0.0045662 2970 4418 3067 4478
P0000 0.0045662 2880 4373 2920 4398
P0000 0.0045662 402 4506 477 4552
P0000 0.0045662 301 4397 389 4452
P0000 0.0045662 1988 4513 2028 4538
P0000 0.0045662 1938 4520 1978 4545
P0000 0.0045662 2661 4601 2746 4654
P0000 0.0045662 903 4628 975 4673
P0000 0.0045662 2830 4628 2903 4673
P0000 0.0045662 1003 4671 1078 4717
P0000 0.0045662 282 4743 475 4864
P0000 0.0045662 1871 4657 1911 4682
P0000 0.0045662 364 4538 468 4603
P0000 0.0045662 2924 4707 3013 4762
P0000 0.0045662 318 4791 472 4887
P0000 0.0045662 2848 4635 2936 4690
P0000 0.0045662 258 4650 356 4711
P0000 0.0045662 203 4596 317 4667
P0000 0.0045662 2598 4838 2710 4908
P0000 0.0045662 418 4874 530 4944
P0000 0.0045662 1834 4776 1874 4801
P0000 0.0045662 1914 4775 1954 4800
P0000 0.0045662 2694 4871 2778 4923
P0000 0.0045662 395 4728 489 4787
P0000 0.0045662 1794 4865 1834 4890
P0000 0.0045662 48 4740 136 4795
P0000 0.0045662 2552 4821 2640 4876
P0000 0.0045662 297 4960 429 5042
P0000 0.0045662 238 4800 352 4871
P0000 0.0045662 2854 4896 2942 4951
P0000 0.0045662 183 4941 223 4966
P0000 0.0045662 33 4914 121 4969
P0000 0.0045662 530 4917 633 4981
P0000 0.0045662 86 4933 187 4996
P0000 0.0045662 494 5102 571 5150
P0000 0.0045662 145 4960 233 5015
P0000 0.0045662 527 5116 614 5170
P0000 0.0045662 478 4896 592 4967
P0000 0.0045662 508 5138 588 5188
P0000 0.0045662 614 5150 679 5190
P0000 0.0045662 639 5160 733 5219
P0000 0.0045662 363 5048 451 5103
P0000 0.0045662 248 4999 358 5067
P0000 0.0045662 1032 5255 1159 5334
P0000 0.0045662 1462 5245 1541 5294
P0000 0.0045662 438 5086 526 5141
P0000 0.0045662 967 5293 1031 5332
P0000 0.0045662 1519 5269 1610 5326
P0000 0.0045662 444 5147 546 5211
P0000 0.0045662 1116 5355 1190 5401
P0000 0.0045662 1171 5380 1248 5428
P0000 0.0045662 1589 5325 1680 5382
P0000 0.0045662 1300 5203 1401 5266
P0000 0.0045662 1241 5408 1322 5458
P0000 0.0045662 736 5201 850 5272
P0000 0.0045662 1299 5432 1346 5461
P0000 0.0045662 1342 5452 1386 5480
P0000 0.0045662 1688 5369 1782 5428
P0000 0.0045662 918 5274 1032 5345
P0000 0.0036496 438 57 463 97
P0000 0.0036496 1037 74 1062 114
P0000 0.0036496 457 168 482 208
P0000 0.0036496 1152 126 1196 198
P0000 0.0036496 1006 124 1060 210
P0000 0.0036496 653 129 715 228
P0000 0.0036496 562 81 617 169
P0000 0.0036496 591 89 654 190
P0000 0.0036496 506 20 567 118
P0000 0.0036496 845 9 910 114
P0000 0.0036496 530 51 623 200
P0000 0.0036496 725 159 787 259
P0000 0.0036496 995 156 1042 231
P0000 0.0036496 499 214 570 328
P0000 0.0036496 423 243 449 285
P0000 0.0036496 686 171 745 265
P0000 0.0036496 1059 297 1084 337
P0000 0.0036496 433 193 492 287
P0000 0.0036496 562 191 615 276
P0000 0.0036496 940 193 995 281
P0000 0.0036496 626 327 653 371
P0000 0.0036496 772 178 895 375
P0000 0.0036496 967 225 1022 313
P0000 0.0036496 329 354 355 395
P0000 0.0036496 474 206 529 294
P0000 0.0036496 715 206 770 294
P0000 0.0036496 659 271 721 370
P0000 0.0036496 913 242 974 339
P0000 0.0036496 365 213 425 308
P0000 0.0036496 1024 213 1086 312
P0000 0.0036496 911 346 966 434
P0000 0.0036496 586 261 657 375
P0000 0.0036496 897 281 954 373
P0000 0.0036496 414 200 498 334
P0000 0.0036496 1019 387 1044 427
P0000 0.0036496 1826 451 1860 507
P0000 0.0036496 1989 484 2018 531
P0000 0.0036496 275 486 300 526
P0000 0.0036496 1040 507 1068 552
P0000 0.0036496 865 466 914 545
P0000 0.0036496 781 541 808 584
P0000 0.0036496 1846 535 1903 626
P0000 0.0036496 877 602 908 652
P0000 0.0036496 813 570 875 669
P0000 0.0036496 901 570 963 670
P0000 0.0036496 802 661 827 701
P0000 0.0036496 1835 525 1928 674
P0000 0.0036496 783 701 811 746
P0000 0.0036496 769 576 829 673
P0000 0.0036496 1802 671 1861 765
P0000 0.0036496 880 754 905 794
P0000 0.0036496 775 824 802 868
P0000 0.0036496 2950 807 2975 847
P0000 0.0036496 1462 957 1487 997
P0000 0.0036496 19 1093 47 1139
P0000 0.0036496 1642 1015 1710 1123
P0000 0.0036496 3043 1044 3102 1138
P0000 0.0036496 1553 1105 1612 1199
P0000 0.0036496 1612 1064 1683 1178
P0000 0.0036496 3463 1156 3489 1198
P0000 0.0036496 1882 1130 1933 1212
P0000 0.0036496 1239 1157 1273 1213
P0000 0.0036496 3566 1205 3592 1247
P0000 0.0036496 46 1066 117 1180
P0000 0.0036496 1075 1170 1122 1245
P0000 0.0036496 1307 1259 1333 1301
P0000 0.0036496 1240 1212 1295 1300
P0000 0.0036496 1900 1193 1961 1291
P0000 0.0036496 2993 1139 3064 1253
P0000 0.0036496 2925 1228 3046 1421
P0000 0.0036496 1182 1329 1211 1376
P0000 0.0036496 891 1336 922 1386
P0000 0.0036496 863 1391 888 1431
P0000 0.0036496 1387 1405 1412 1445
P0000 0.0036496 1088 1329 1120 1381
P0000 0.0036496 2954 1250 3030 1373
P0000 0.0036496 1121 1327 1178 1419
P0000 0.0036496 2866 1370 2987 1563
P0000 0.0036496 102 1508 134 1560
P0000 0.0036496 1845 1454 1900 1542
P0000 0.0036496 117 1531 149 1583
P0000 0.0036496 237 1599 265 1645
P0000 0.0036496 3049 1668 3074 1708
P0000 0.0036496 2693 1748 2719 1790
P0000 0.0036496 1423 1708 1485 1807
P0000 0.0036496 1660 1750 1731 1864
P0000 0.0036496 2949 1852 3004 1940
P0000 0.0036496 2027 1978 2052 2018
P0000 0.0036496 1951 1938 2004 2023
P0000 0.0036496 2896 1971 2932 2030
P0000 0.0036496 2083 2001 2115 2053
P0000 0.0036496 2853 2029 2890 2089
P0000 0.0036496 1911 2074 1936 2114
P0000 0.0036496 2274 2079 2299 2119
P0000 0.0036496 2934 2096 2959 2136
P0000 0.0036496 2268 2076 2300 2128
P0000 0.0036496 2448 2152 2475 2195
P0000 0.0036496 2210 2195 2237 2238
P0000 0.0036496 2701 2152 2756 2240
P0000 0.0036496 1144 2260 1337 2568
P0000 0.0036496 2085 2317 2112 2360
P0000 0.0036496 1793 2188 1850 2279
P0000 0.0036496 2576 2319 2618 2387
P0000 0.0036496 2064 2360 2093 2407
P0000 0.0036496 1338 2218 1402 2320
P0000 0.0036496 3496 2336 3544 2414
P0000 0.0036496 1500 2216 1568 2326
P0000 0.0036496 193 2379 225 2431
P0000 0.0036496 138 2344 192 2431
P0000 0.0036496 1759 2280 1819 2377
P0000 0.0036496 198 2313 253 2401
P0000 0.0036496 2529 2372 2597 2481
P0000 0.0036496 164 2392 206 2460
P0000 0.0036496 1293 2369 1402 2542
P0000 0.0036496 2054 2336 2109 2424
P0000 0.0036496 1404 2451 1434 2500
P0000 0.0036496 1948 2417 1973 2457
P0000 0.0036496 216 2462 241 2502
P0000 0.0036496 102 2435 134 2487
P0000 0.0036496 2019 2430 2072 2515
P0000 0.0036496 127 2498 157 2546
P0000 0.0036496 164 2468 207 2538
P0000 0.0036496 142 2495 172 2543
P0000 0.0036496 1258 2502 1301 2571
P0000 0.0036496 1855 2465 1901 2539
P0000 0.0036496 614 2526 639 2566
P0000 0.0036496 1072 2526 1097 2566
P0000 0.0036496 1688 2441 1754 2546
P0000 0.0036496 87 2449 142 2537
P0000 0.0036496 113 2535 141 2580
P0000 0.0036496 161 2552 192 2602
P0000 0.0036496 163 2539 188 2579
P0000 0.0036496 1984 2445 2055 2559
P0000 0.0036496 175 2598 211 2657
P0000 0.0036496 1895 2552 1920 2592
P0000 0.0036496 1983 2588 2008 2628
P0000 0.0036496 1399 2488 1470 2602
P0000 0.0036496 881 2486 963 2618
P0000 0.0036496 1172 2662 1274 2825
P0000 0.0036496 2417 2554 2472 2642
P0000 0.0036496 1942 2678 1967 2718
P0000 0.0036496 2356 2708 2381 2748
P0000 0.0036496 21 2616 76 2704
P0000 0.0036496 1331 2643 1405 2762
P0000 0.0036496 1401 2650 1459 2743
P0000 0.0036496 847 2484 1004 2735
P0000 0.0036496 1902 2770 1929 2813
P0000 0.0036496 3785 2776 3817 2828
P0000 0.0036496 1885 2813 1910 2853
P0000 0.0036496 1780 2823 1805 2863
P0000 0.0036496 1077 2827 1102 2867
P0000 0.0036496 1880 2808 1912 2860
P0000 0.0036496 1720 2788 1764 2860
P0000 0.0036496 1700 2832 1746 2907
P0000 0.0036496 1038 2841 1072 2896
P0000 0.0036496 52 2783 107 2871
P0000 0.0036496 1548 2775 1611 2876
P0000 0.0036496 1272 2768 1342 2880
P0000 0.0036496 264 2935 296 2987
P0000 0.0036496 1699 3000 1726 3044
P0000 0.0036496 85 2985 136 3066
P0000 0.0036496 1197 2931 1252 3019
P0000 0.0036496 1751 3062 1809 3155
P0000 0.0036496 1654 3086 1684 3134
P0000 0.0036496 1768 3082 1793 3122
P0000 0.0036496 1448 2992 1515 3099
P0000 0.0036496 1147 2996 1217 3108
P0000 0.0036496 1760 3171 1800 3236
P0000 0.0036496 282 3195 309 3239
P0000 0.0036496 710 2978 803 3127
P0000 0.0036496 1122 3006 1215 3155
P0000 0.0036496 31 3131 86 3219
P0000 0.0036496 1066 3145 1125 3239
P0000 0.0036496 400 3253 425 3293
P0000 0.0036496 3643 3278 3671 3324
P0000 0.0036496 1473 3296 1498 3336
P0000 0.0036496 2117 3253 2172 3341
P0000 0.0036496 1394 3333 1419 3373
P0000 0.0036496 1651 3368 1676 3408
P0000 0.0036496 1376 3396 1401 3436
P0000 0.0036496 1571 3405 1596 3445
P0000 0.0036496 3444 3432 3474 3481
P0000 0.0036496 1434 3419 1459 3459
P0000 0.0036496 1769 3426 1794 3466
P0000 0.0036496 1493 3442 1518 3482
P0000 0.0036496 1826 3446 1851 3486
P0000 0.0036496 1688 3452 1713 3492
P0000 0.0036496 1745 3478 1772 3521
P0000 0.0036496 1807 3505 1833 3547
P0000 0.0036496 1669 3516 1694 3556
P0000 0.0036496 1727 3542 1752 3582
P0000 0.0036496 3778 3592 3824 3666
P0000 0.0036496 1842 3588 1867 3628
P0000 0.0036496 2068 3493 2123 3581
P0000 0.0036496 148 3602 204 3693
P0000 0.0036496 1177 3651 1209 3703
P0000 0.0036496 3462 3520 3525 3621
P0000 0.0036496 3474 3683 3501 3727
P0000 0.0036496 2262 3622 2317 3710
P0000 0.0036496 2166 3742 2191 3782
P0000 0.0036496 1436 3742 1461 3782
P0000 0.0036496 640 3702 695 3790
P0000 0.0036496 2171 3694 2234 3795
P0000 0.0036496 481 3854 540 3949
P0000 0.0036496 2278 3747 2342 3849
P0000 0.0036496 1957 3774 2012 3862
P0000 0.0036496 3688 3704 3774 3841
P0000 0.0036496 1024 3871 1049 3911
P0000 0.0036496 423 3970 507 4105
P0000 0.0036496 373 3917 398 3957
P0000 0.0036496 349 3903 376 3947
P0000 0.0036496 762 3927 787 3967
P0000 0.0036496 737 3997 764 4040
P0000 0.0036496 457 4066 499 4134
P0000 0.0036496 1533 4001 1558 4041
P0000 0.0036496 3710 4053 3808 4209
P0000 0.0036496 3342 4093 3367 4133
P0000 0.0036496 3162 4148 3199 4207
P0000 0.0036496 1626 4131 1677 4213
P0000 0.0036496 233 4161 282 4240
P0000 0.0036496 3208 4155 3239 4205
P0000 0.0036496 3183 4163 3208 4203
P0000 0.0036496 3389 4095 3450 4193
P0000 0.0036496 385 4114 453 4223
P0000 0.0036496 1617 4246 1643 4288
P0000 0.0036496 3106 4299 3156 4379
P0000 0.0036496 2129 4259 2154 4299
P0000 0.0036496 346 4226 406 4322
P0000 0.0036496 528 4452 578 4532
P0000 0.0036496 512 4514 546 4569
P0000 0.0036496 1406 4512 1431 4552
P0000 0.0036496 1888 4523 1920 4575
P0000 0.0036496 1860 4542 1885 4583
P0000 0.0036496 1859 4572 1902 4641
P0000 0.0036496 3644 4483 3699 4571
P0000 0.0036496 457 4441 528 4555
P0000 0.0036496 1807 4693 1851 4764
P0000 0.0036496 1571 4604 1634 4705
P0000 0.0036496 2524 4773 2577 4859
P0000 0.0036496 3646 4724 3671 4764
P0000 0.0036496 1758 4759 1783 4799
P0000 0.0036496 2421 4862 2460 4925
P0000 0.0036496 3521 4837 3553 4889
P0000 0.0036496 3635 4834 3660 4874
P0000 0.0036496 1568 4574 1661 4723
P0000 0.0036496 1521 4949 1549 4995
P0000 0.0036496 2351 4969 2416 5074
P0000 0.0036496 3660 5018 3772 5196
P0000 0.0036496 2863 5049 2913 5129
P0000 0.0036496 2375 4915 2437 5015
P0000 0.0036496 2171 5154 2270 5312
P0000 0.0036496 3087 5122 3147 5218
P0000 0.0036496 3505 5138 3534 5185
P0000 0.0036496 1826 5073 1851 5113
P0000 0.0036496 3799 4990 3854 5078
P0000 0.0036496 2251 5044 2317 5151
P0000 0.0036496 3401 5050 3478 5174
P0000 0.0036496 3689 5022 3760 5136
P0000 0.0036496 3484 5188 3512 5232
P0000 0.0036496 3358 5203 3386 5247
P0000 0.0036496 3136 5104 3200 5206
P0000 0.0036496 2972 5128 3034 5228
P0000 0.0036496 3070 5164 3125 5252
P0000 0.0036496 3110 5174 3176 5280
P0000 0.0036496 2996 5328 3046 5409
P0000 0.0036496 2320 5265 2345 5305
P0000 0.0036496 3063 5305 3088 5345
P0000 0.0036496 3431 5316 3456 5356
P0000 0.0036496 3306 5295 3367 5393
P0000 0.0036496 3401 5385 3426 5425
P0000 0.0036496 3087 5299 3144 5390
P0000 0.0036496 2227 5435 2253 5476
P0002 0.11111 2310 728 2378 770
P0002 0.11111 2317 1195 2357 1220
P0002 0.11111 124 1811 164 1836
P0002 0.11111 196 1855 236 1880
P0002 0.11111 2314 1711 2366 1743
P0002 0.11111 2243 1770 2344 1833
P0002 0.11111 327 1962 373 1990
P0002 0.025 973 396 1028 484
P0002 0.025 466 395 523 487
P0002 0.025 663 408 718 496
P0002 0.025 523 424 571 501
P0002 0.025 2300 508 2327 552
P0002 0.025 2256 491 2311 579
P0002 0.025 2288 526 2314 568
P0002 0.025 2276 543 2305 589
P0002 0.025 1069 675 1129 770
P0002 0.025 1091 704 1144 789
P0002 0.025 971 676 1031 773
P0002 0.025 1974 727 2014 792
P0002 0.025 1003 676 1071 786
P0002 0.025 783 692 842 787
P0002 0.025 748 691 809 789
P0002 0.025 947 693 1005 786
P0002 0.025 1210 684 1273 785
P0002 0.025 640 721 672 773
P0002 0.025 1871 690 1935 792
P0002 0.025 515 691 577 791
P0002 0.025 1193 709 1248 797
P0002 0.025 1722 704 1783 802
P0002 0.025 1815 736 1851 794
P0002 0.025 727 709 782 797
P0002 0.025 1764 718 1821 809
P0002 0.025 1450 806 1501 888
P0002 0.025 1323 815 1381 908
P0002 0.025 1935 820 1984 899
P0002 0.025 1765 827 1820 915
P0002 0.025 752 802 812 899
P0002 0.025 1843 810 1907 912
P0002 0.025 614 793 685 907
P0002 0.025 1306 1416 1333 1460
P0002 0.025 824 1416 849 1456
P0002 0.025 727 1475 753 1517
P0002 0.025 821 1473 846 1513
P0002 0.025 975 1761 1001 1802
P0002 0.025 1263 1915 1288 1955
P0005 0.083333 401 334 494 392
P0005 0.083333 569 427 626 462
P0005 0.083333 392 414 480 469
P0005 0.083333 36 579 76 604
P0005 0.083333 561 533 632 577
P0005 0.083333 25 689 65 714
P0005 0.083333 565 676 625 713
P0005 0.083333 576 809 626 840
P0005 0.083333 30 845 70 870
P0005 0.083333 569 860 637 902
P0005 0.33333 41 34 66 74
P0010 0.058824 556 186 596 211
P0010 0.058824 1227 218 1274 247
P0010 0.058824 1158 438 1226 480
P0010 0.058824 578 536 661 588
P0010 0.058824 169 553 230 591
P0010 0.058824 300 627 346 655
P0010 0.058824 608 672 651 699
P0010 0.058824 651 675 691 700
P0010 0.058824 627 591 667 616
P0010 0.058824 606 710 646 735
P0010 0.058824 502 737 542 762
P0010 0.058824 632 783 672 808
P0010 0.058824 129 942 169 967
P0010 0.058824 257 975 302 1003
P0010 0.058824 308 1095 351 1122
P0010 0.125 481 229 508 273
P0010 0.125 89 257 116 301
P0010 0.125 402 771 427 811
P0010 0.125 446 905 471 945
P0010 0.125 60 1048 85 1088
P0010 0.125 174 1291 202 1335
P0011 0.071429 963 234 1010 263
P0011 0.071429 740 312 782 338
P0011 0.071429 1096 998 1144 1028
P0011 0.071429 1272 1017 1312 1042
P0011 0.071429 1224 1040 1266 1066
P0011 0.071429 1178 1065 1218 1090
P0011 0.071429 1146 1081 1186 1106
P0011 0.071429 981 1164 1021 1189
P0011 0.071429 647 1226 687 1251
P0011 0.071429 750 1278 790 1303
P0011 0.071429 610 1349 650 1374
P0011 0.071429 455 1426 495 1451
P0011 0.1 922 187 947 227
P0011 0.1 943 183 968 223
P0011 0.1 885 209 910 249
P0011 0.1 902 195 928 237
P0011 0.1 469 312 501 364
P0011 0.1 389 383 414 423
P0011 0.1 177 478 204 521
P0011 0.1 818 622 843 662
P0012 0.014925 1141 360 1181 385
P0012 0.014925 1804 525 1915 594
P0012 0.014925 1724 614 1805 665
P0012 0.014925 2246 583 2346 645
P0012 0.014925 2237 617 2340 681
P0012 0.014925 2197 627 2308 696
P0012 0.014925 1667 649 1752 702
P0012 0.014925 808 710 891 762
P0012 0.014925 1702 672 1813 741
P0012 0.014925 2193 661 2291 722
P0012 0.014925 2186 698 2283 759
P0012 0.014925 720 708 821 771
P0012 0.014925 1694 728 1808 799
P0012 0.014925 1642 731 1740 792
P0012 0.014925 2136 734 2243 801
P0012 0.014925 2121 758 2215 817
P0012 0.014925 1606 757 1698 815
P0012 0.014925 2081 808 2163 859
P0012 0.014925 1589 787 1697 854
P0012 0.014925 2105 823 2194 878
P0012 0.014925 2499 857 2544 885
P0012 0.014925 2540 796 2628 851
P0012 0.014925 1567 836 1674 903
P0012 0.014925 1559 878 1665 944
P0012 0.014925 2120 866 2234 937
P0012 0.014925 1507 915 1547 940
P0012 0.014925 1939 1018 2041 1081
P0012 0.014925 1481 976 1591 1045
P0012 0.014925 2416 981 2513 1041
P0012 0.014925 1050 1021 1092 1047
P0012 0.014925 1491 1012 1577 1065
P0012 0.014925 1437 1044 1541 1109
P0012 0.014925 1488 1016 1602 1087
P0012 0.014925 2365 1083 2527 1184
P0012 0.014925 1981 1055 2095 1126
P0012 0.014925 2390 1048 2496 1114
P0012 0.014925 944 1153 996 1185
P0012 0.014925 1922 1071 2019 1131
P0012 0.014925 1960 1055 2048 1110
P0012 0.014925 83 1103 123 1128
P0012 0.014925 1962 1100 2059 1160
P0012 0.014925 1846 1174 1936 1230
P0012 0.014925 1400 1177 1500 1239
P0012 0.014925 1351 1181 1458 1248
P0012 0.014925 2264 1171 2362 1232
P0012 0.014925 1326 1202 1432 1268
P0012 0.014925 2306 1151 2439 1234
P0012 0.014925 1359 1150 1447 1205
P0012 0.014925 1803 1219 1907 1284
P0012 0.014925 2271 1216 2385 1287
P0012 0.014925 2246 1271 2380 1355
P0012 0.014925 1777 1269 1891 1340
P0012 0.014925 1752 1322 1844 1379
P0012 0.014925 1787 1316 1881 1375
P0012 0.014925 1771 1261 1859 1316
P0012 0.014925 2250 1331 2357 1398
P0012 0.014925 1741 1358 1842 1421
P0012 0.014925 1702 1505 1754 1537
P0012 0.014925 1652 1448 1753 1511
P0012 0.014925 2012 1522 2056 1549
P0012 0.014925 2652 1516 2737 1569
P0012 0.014925 591 1678 633 1704
P0012 0.014925 2046 1789 2089 1816
P0012 0.014925 164 1884 208 1911
P0012 0.014925 536 1820 576 1845
P0012 0.052632 806 374 833 418
P0012 0.052632 620 396 653 450
P0012 0.052632 493 432 518 472
P0012 0.052632 800 434 833 487
P0012 0.052632 636 422 693 513
P0012 0.052632 608 461 671 562
P0012 0.052632 136 699 187 781
P0012 0.052632 314 722 339 762
P0012 0.052632 269 790 294 830
P0012 0.052632 232 850 263 900
P0012 0.052632 398 904 456 998
P0012 0.052632 347 909 418 1023
P0012 0.052632 43 948 106 1049
P0012 0.052632 446 949 499 1034
P0012 0.052632 554 1008 586 1060
P0012 0.052632 688 1092 714 1134
P0012 0.052632 2547 1687 2572 1727
P0013 0.2 1197 244 1237 269
P0013 0.2 786 1015 829 1042
P0013 0.2 871 1128 923 1160
P0013 0.14286 525 272 580 360
P0013 0.14286 97 735 122 775
P0013 0.14286 380 1039 435 1127
P0013 0.14286 427 1089 482 1177
P0013 0.14286 683 1238 730 1314
P0018 0.0625 169 89 209 114
P0018 0.0625 168 42 209 68
P0018 0.0625 221 96 264 123
P0018 0.0625 221 76 261 101
P0018 0.0625 219 137 263 164
P0018 0.0625 166 162 206 187
P0018 0.0625 225 161 269 188
P0018 0.0625 218 304 258 329
P0018 0.0625 168 327 208 352
P0018 0.0625 214 350 254 375
P0018 0.0625 161 369 203 395
P0018 0.0625 217 392 257 417
P0018 0.0625 214 409 257 436
P0018 0.0625 1206 1585 1258 1617
P0018 0.33333 1205 216 1230 256
P0020 0.2 3152 894 3241 949
P0020 0.2 2129 900 2223 959
P0020 0.2 1277 1144 1375 1205
P0020 0.33333 1624 1058 1687 1159
P0021 0.083333 1221 108 1268 137
P0021 0.083333 2421 259 2462 285
P0021 0.083333 2172 282 2212 307
P0021 0.083333 2396 301 2436 326
P0021 0.083333 2413 309 2453 334
P0021 0.083333 2434 274 2486 306
P0021 0.083333 2450 354 2490 379
P0021 0.083333 1079 812 1119 837
P0021 0.083333 1166 812 1210 839
P0021 0.083333 2152 1651 2204 1683
P0021 0.14286 2604 430 2629 470
P0021 0.14286 2580 446 2605 486
P0021 0.14286 466 733 493 777
P0021 0.14286 195 1356 232 1416
P0021 0.14286 2049 1547 2074 1587
P0022 0.058824 896 1922 948 1954
P0022 0.058824 1073 2181 1116 2208
P0022 0.058824 281 2576 342 2614
P0022 0.058824 408 3074 453 3102
P0022 0.058824 924 3127 968 3155
P0022 0.058824 676 3672 769 3730
P0022 0.058824 1306 3929 1350 3956
P0022 0.058824 796 3963 836 3988
P0022 0.058824 2204 4011 2249 4039
P0022 0.058824 652 4748 692 4773
P0022 0.058824 2645 4989 2685 5014
P0022 0.058824 1170 5047 1210 5072
P0022 0.058824 1061 5063 1101 5088
P0022 0.058824 2807 5248 2852 5276
P0022 0.058824 2801 6419 2846 6447
P0022 0.043478 1948 219 2003 307
P0022 0.043478 540 261 600 358
P0022 0.043478 1992 1052 2017 1092
P0022 0.043478 2100 1206 2132 1258
P0022 0.043478 2222 1490 2248 1532
P0022 0.043478 3773 1805 3798 1845
P0022 0.043478 3778 1824 3810 1876
P0022 0.043478 2991 1967 3021 2016
P0022 0.043478 539 3225 590 3307
P0022 0.043478 3292 3492 3317 3532
P0022 0.043478 1247 3532 1273 3574
P0022 0.043478 3372 3640 3397 3680
P0022 0.043478 3350 3598 3375 3638
P0022 0.043478 3523 3926 3548 3966
P0022 0.043478 3592 4057 3617 4097
P0022 0.043478 3718 4292 3743 4332
P0022 0.043478 3309 4823 3334 4863
P0022 0.043478 1322 4978 1352 5026
P0022 0.043478 2523 4990 2548 5030
P0022 0.043478 1572 5325 1598 5367
P0022 0.043478 826 6018 851 6058
P0023 0.25 2060 1074 2161 1137
P0023 0.25 210 3444 298 3499
P0023 0.33333 1675 2044 1730 2132
P0025 0.33333 2901 3590 2955 3676
P0029 0.04 2641 120 2684 147
P0029 0.04 1502 57 1605 121
P0029 0.04 2642 224 2682 249
P0029 0.04 2636 276 2676 301
P0029 0.04 959 326 999 351
P0029 0.04 557 361 603 389
P0029 0.04 959 395 999 420
P0029 0.04 1301 448 1348 477
P0029 0.04 1236 413 1288 445
P0029 0.04 1223 455 1263 480
P0029 0.04 1242 488 1282 513
P0029 0.04 1474 618 1516 644
P0029 0.04 506 2054 546 2079
P0029 0.04 802 2063 842 2088
P0029 0.04 980 2063 1024 2090
P0029 0.04 2262 2101 2302 2126
P0029 0.04 2306 2102 2346 2127
P0029 0.04 2411 2105 2454 2132
P0029 0.04 2512 2109 2552 2134
P0029 0.04 2595 2108 2639 2135
P0029 0.04 2640 2109 2682 2135
P0029 0.04 545 2140 585 2165
P0029 0.04 1725 2157 1765 2182
P0029 0.058824 2408 99 2434 140
P0029 0.058824 2431 106 2456 146
P0029 0.058824 333 119 358 159
P0029 0.058824 2376 214 2401 254
P0029 0.058824 2497 218 2522 258
P0029 0.058824 2445 220 2473 265
P0029 0.058824 2197 249 2224 292
P0029 0.058824 2270 257 2298 302
P0029 0.058824 2422 286 2447 326
P0029 0.058824 2472 289 2498 331
P0029 0.058824 2495 307 2520 347
P0029 0.058824 2385 390 2413 435
P0029 0.058824 2410 398 2435 438
P0029 0.058824 2447 414 2476 461
P0029 0.058824 2495 434 2523 479
P0030 0.047619 242 53 282 78
P0030 0.047619 203 77 243 102
P0030 0.047619 250 120 293 147
P0030 0.047619 200 237 240 262
P0030 0.047619 206 288 250 315
P0030 0.047619 559 424 611 456
P0030 0.047619 530 579 570 604
P0030 0.047619 638 578 678 603
P0030 0.047619 690 581 732 607
P0030 0.047619 749 582 794 610
P0030 0.047619 862 587 902 612
P0030 0.047619 562 612 605 639
P0030 0.047619 917 588 961 615
P0030 0.047619 1016 590 1059 617
P0030 0.047619 1060 592 1104 619
P0030 0.047619 980 560 1088 627
P0030 0.047619 2011 2149 2051 2174
P0030 0.047619 2133 2356 2174 2381
P0030 0.047619 2404 2367 2444 2392
P0030 0.029412 1277 597 1302 637
P0030 0.029412 1298 597 1323 637
P0030 0.029412 1679 602 1704 642
P0030 0.029412 1891 600 1918 643
P0030 0.029412 1827 600 1852 640
P0030 0.029412 1851 604 1876 644
P0030 0.029412 1870 603 1895 643
P0030 0.029412 1381 605 1406 645
P0030 0.029412 746 673 771 713
P0030 0.029412 816 675 841 715
P0030 0.029412 864 676 890 718
P0030 0.029412 1417 702 1442 742
P0030 0.029412 796 682 821 722
P0030 0.029412 1649 706 1674 746
P0030 0.029412 1044 687 1069 727
P0030 0.029412 1177 694 1202 734
P0030 0.029412 1235 693 1260 733
P0030 0.029412 1216 690 1241 730
P0030 0.029412 1356 694 1381 734
P0030 0.029412 1630 713 1656 755
P0030 0.029412 1865 718 1890 758
P0030 0.029412 462 746 487 786
P0030 0.029412 562 748 589 791
P0030 0.029412 623 756 648 796
P0030 0.029412 1035 762 1061 803
P0030 0.029412 1355 770 1380 810
P0030 0.029412 1335 771 1360 811
P0030 0.029412 528 852 553 892
P0030 0.029412 688 862 713 902
P0030 0.029412 461 860 486 900
P0030 0.029412 620 860 646 902
P0030 0.029412 642 861 667 901
P0032 0.019608 971 13 1011 38
P0032 0.019608 1990 36 2091 99
P0032 0.019608 2142 34 2241 96
P0032 0.019608 63 99 140 147
P0032 0.019608 1554 29 1659 95
P0032 0.019608 1668 96 1773 161
P0032 0.019608 1570 68 1769 193
P0032 0.019608 116 110 156 135
P0032 0.019608 22 129 81 166
P0032 0.019608 1598 14 1686 69
P0032 0.019608 1931 166 2033 230
P0032 0.019608 1891 202 1943 234
P0032 0.019608 1756 403 1808 435
P0032 0.019608 115 496 158 523
P0032 0.019608 1579 500 1631 532
P0032 0.019608 1410 572 1459 602
P0032 0.019608 1228 607 1268 632
P0032 0.019608 1287 650 1327 675
P0032 0.019608 1368 582 1460 640
P0032 0.019608 1156 730 1200 757
P0032 0.019608 1201 706 1241 731
P0032 0.019608 1319 695 1405 748
P0032 0.019608 256 768 301 796
P0032 0.019608 1035 804 1075 829
P0032 0.019608 962 823 1002 848
P0032 0.019608 1094 762 1148 795
P0032 0.019608 990 805 1033 832
P0032 0.019608 274 913 319 941
P0032 0.019608 1597 907 1637 932
P0032 0.019608 197 951 241 978
P0032 0.019608 696 953 779 1004
P0032 0.019608 1998 956 2076 1004
P0032 0.019608 276 914 364 969
P0032 0.019608 724 1012 793 1055
P0032 0.019608 565 1091 605 1116
P0032 0.019608 2006 1101 2055 1131
P0032 0.019608 1621 1016 1722 1079
P0032 0.019608 1613 1194 1687 1240
P0032 0.019608 280 1235 320 1260
P0032 0.019608 1491 1237 1531 1262
P0032 0.019608 1546 1286 1593 1315
P0032 0.019608 2338 1366 2378 1391
P0032 0.019608 2292 1287 2380 1342
P0032 0.019608 1400 1314 1502 1378
P0032 0.019608 1164 1572 1216 1604
P0032 0.019608 870 1502 968 1563
P0032 0.019608 779 1641 819 1666
P0032 0.019608 739 1594 824 1647
P0032 0.019608 1057 1626 1145 1681
P0032 0.014085 1210 10 1236 52
P0032 0.014085 1277 62 1304 105
P0032 0.014085 1943 48 1968 88
P0032 0.014085 1311 89 1337 131
P0032 0.014085 1264 62 1306 130
P0032 0.014085 1229 107 1287 200
P0032 0.014085 433 220 461 265
P0032 0.014085 418 212 466 290
P0032 0.014085 747 225 802 313
P0032 0.014085 122 255 152 304
P0032 0.014085 2393 277 2418 317
P0032 0.014085 451 312 522 426
P0032 0.014085 2251 348 2276 388
P0032 0.014085 1401 348 1429 392
P0032 0.014085 511 350 542 401
P0032 0.014085 595 488 626 538
P0032 0.014085 2090 492 2118 537
P0032 0.014085 548 464 606 557
P0032 0.014085 1815 492 1868 578
P0032 0.014085 371 540 401 589
P0032 0.014085 22 547 47 587
P0032 0.014085 607 557 664 648
P0032 0.014085 258 618 283 659
P0032 0.014085 650 630 708 722
P0032 0.014085 1608 692 1633 732
P0032 0.014085 276 699 301 739
P0032 0.014085 750 746 779 792
P0032 0.014085 245 696 314 807
P0032 0.014085 768 778 796 824
P0032 0.014085 1345 837 1373 881
P0032 0.014085 304 758 359 846
P0032 0.014085 480 750 535 838
P0032 0.014085 28 774 121 923
P0032 0.014085 571 788 639 897
P0032 0.014085 548 871 619 985
P0032 0.014085 604 849 660 938
P0032 0.014085 392 911 490 1067
P0032 0.014085 440 964 472 1016
P0032 0.014085 370 954 395 994
P0032 0.014085 587 930 650 1031
P0032 0.014085 1097 996 1123 1038
P0032 0.014085 2173 1038 2228 1127
P0032 0.014085 386 984 411 1024
P0032 0.014085 1151 1032 1179 1077
P0032 0.014085 433 1055 458 1095
P0032 0.014085 55 1076 80 1116
P0032 0.014085 188 1125 213 1165
P0032 0.014085 2241 1145 2299 1238
P0032 0.014085 205 1145 230 1185
P0032 0.014085 940 1206 968 1251
P0032 0.014085 52 1211 80 1256
P0032 0.014085 1916 1166 1969 1250
P0032 0.014085 220 1173 245 1213
P0032 0.014085 2292 1226 2340 1304
P0032 0.014085 99 1208 156 1299
P0032 0.014085 125 1243 187 1343
P0032 0.014085 784 1311 835 1392
P0032 0.014085 2116 1272 2141 1312
P0032 0.014085 777 1302 802 1342
P0032 0.014085 2170 1370 2197 1414
P0032 0.014085 1988 1370 2014 1412
P0032 0.014085 590 1358 615 1398
P0032 0.014085 355 1418 382 1461
P0032 0.014085 197 1444 224 1487
P0032 0.014085 1269 1587 1300 1637
P0032 0.014085 1191 1511 1216 1551
P0032 0.014085 1220 1528 1286 1633
P0032 0.014085 1716 1599 1748 1651
P0032 0.014085 1262 1573 1287 1613
P0036 0.083333 2823 1272 2894 1386
P0036 0.083333 2788 1989 2842 2075
P0036 0.083333 2667 2544 2738 2658
P0036 0.083333 2653 2658 2724 2772
P0036 0.083333 2613 2737 2678 2841
P0036 0.083333 2390 3045 2511 3238
P0036 0.083333 2385 3115 2463 3240
P0036 0.083333 2447 3133 2514 3241
P0036 0.083333 2406 3206 2469 3307
P0036 0.083333 964 4433 1035 4547
P0038 0.066667 1631 764 1671 789
P0038 0.066667 800 1962 840 1987
P0038 0.066667 695 2042 737 2068
P0038 0.066667 647 2048 691 2075
P0038 0.066667 1004 2326 1049 2354
P0038 0.066667 2029 2544 2069 2569
P0038 0.066667 731 2620 771 2645
P0038 0.066667 2086 2794 2126 2819
P0038 0.066667 538 2872 582 2899
P0038 0.066667 94 2741 221 2820
P0038 0.066667 2059 2791 2173 2862
P0038 0.066667 446 3418 486 3443
P0038 0.066667 1848 3406 1897 3436
P0038 0.058824 132 822 162 870
P0038 0.058824 785 1026 815 1075
P0038 0.058824 1085 992 1143 1084
P0038 0.058824 51 1412 83 1464
P0038 0.058824 51 1691 90 1754
P0038 0.058824 892 1887 922 1935
P0038 0.058824 53 2151 121 2260
P0038 0.058824 922 2284 949 2327
P0038 0.058824 476 2395 559 2528
P0038 0.058824 1355 2586 1380 2626
P0038 0.058824 2074 2664 2101 2708
P0038 0.058824 610 3425 680 3537
P0038 0.058824 684 3517 725 3584
P0038 0.058824 555 3594 580 3634
P0038 0.058824 342 3904 367 3944
P0039 0.14286 2186 264 2238 296
P0039 0.14286 1532 1371 1614 1422
P0039 0.14286 2990 1414 3030 1439
P0039 0.14286 2340 2097 2380 2122
P0039 0.14286 2698 2187 2738 2212
P0039 0.030303 1378 692 1433 780
P0039 0.030303 2642 898 2672 946
P0039 0.030303 1802 846 1862 941
P0039 0.030303 1721 853 1810 995
P0039 0.030303 1665 939 1719 1025
P0039 0.030303 683 1189 708 1229
P0039 0.030303 574 1378 651 1501
P0039 0.030303 525 1425 596 1539
P0039 0.030303 399 1486 470 1600
P0039 0.030303 380 1524 436 1613
P0039 0.030303 1333 1507 1426 1656
P0039 0.030303 350 1562 405 1650
P0039 0.030303 112 1670 144 1722
P0039 0.030303 856 1657 927 1771
P0039 0.030303 492 1765 523 1815
P0039 0.030303 573 1734 644 1848
P0039 0.030303 1143 1761 1227 1895
P0039 0.030303 615 1805 686 1919
P0039 0.030303 497 1804 563 1909
P0039 0.030303 1608 2264 1668 2361
P0039 0.030303 1720 2194 1775 2282
P0039 0.030303 1560 2290 1617 2381
P0039 0.030303 1503 2316 1574 2430
P0039 0.030303 1520 2325 1566 2400
P0039 0.030303 1538 2300 1591 2385
P0039 0.030303 1585 2277 1640 2365
P0039 0.030303 1478 2346 1533 2434
P0039 0.030303 1926 3010 1951 3050
P0039 0.030303 1807 3036 1837 3085
P0039 0.030303 1644 3079 1672 3125
P0039 0.030303 1893 3170 1918 3210
P0041 0.14286 1105 485 1145 510
P0041 0.14286 884 468 936 500
P0041 0.14286 2383 693 2430 722
P0041 0.14286 589 888 694 954
P0041 0.14286 2415 1277 2455 1302
P0041 0.083333 1640 395 1665 435
P0041 0.083333 2276 654 2301 694
P0041 0.083333 2090 829 2115 869
P0041 0.083333 2817 902 2842 942
P0041 0.083333 1366 1063 1391 1103
P0041 0.083333 1506 1203 1531 1243
P0041 0.083333 1848 1554 1875 1597
P0041 0.083333 1830 1598 1857 1642
P0041 0.083333 1809 1642 1834 1682
P0041 0.083333 1804 1691 1832 1736
P0042 0.2 773 1458 813 1483
P0042 0.2 512 1622 556 1649
P0042 0.2 819 1669 861 1695
P0042 0.33333 478 810 503 850
P0050 0.33333 198 2949 439 3100
P0054 0.033333 791 700 843 732
P0054 0.033333 334 734 409 781
P0054 0.033333 729 693 849 768
P0054 0.033333 1880 905 1920 930
P0054 0.033333 722 1038 764 1064
P0054 0.033333 344 1016 384 1041
P0054 0.033333 692 1060 740 1090
P0054 0.033333 242 1169 286 1197
P0054 0.033333 1645 1177 1685 1202
P0054 0.033333 236 1318 277 1344
P0054 0.033333 474 1441 514 1466
P0054 0.033333 225 1429 271 1457
P0054 0.033333 334 1544 378 1571
P0054 0.033333 339 1526 379 1551
P0054 0.033333 472 1527 515 1554
P0054 0.033333 1442 1562 1482 1587
P0054 0.033333 470 1592 510 1617
P0054 0.033333 220 1611 262 1637
P0054 0.033333 18 1616 60 1642
P0054 0.033333 328 1625 372 1653
P0054 0.033333 1984 1674 2024 1699
P0054 0.033333 1396 1677 1436 1702
P0054 0.033333 127 1697 173 1725
P0054 0.033333 136 1729 178 1755
P0054 0.033333 10 1767 57 1796
P0054 0.033333 62 1980 102 2005
P0054 0.033333 1438 1988 1478 2013
P0054 0.033333 2001 2035 2047 2063
P0054 0.04 1295 382 1320 422
P0054 0.04 91 578 116 618
P0054 0.04 214 876 240 918
P0054 0.04 126 966 151 1006
P0054 0.04 1514 1540 1541 1583
P0054 0.04 1943 1589 1968 1629
P0054 0.04 817 1600 844 1644
P0054 0.04 556 1626 582 1668
P0054 0.04 1582 1665 1607 1705
P0054 0.04 1935 1580 1970 1637
P0054 0.04 1603 1671 1628 1711
P0054 0.04 1668 1673 1693 1713
P0054 0.04 1688 1677 1713 1717
P0054 0.04 1808 1674 1834 1715
P0054 0.04 375 1766 401 1808
P0054 0.04 1661 1783 1686 1823
P0054 0.04 1682 1781 1710 1825
P0054 0.04 1787 1785 1812 1825
P0054 0.04 1765 1784 1792 1827
P0054 0.04 1829 1792 1854 1832
P0054 0.04 2044 1795 2069 1835
P0054 0.04 1106 1838 1132 1880
P0054 0.04 1252 1943 1279 1987
P0058 0.25 839 383 868 430
P0058 0.25 864 390 889 430
P0061 0.33333 1366 500 1454 555
P0061 0.25 1747 511 1774 555
P0061 0.25 1474 522 1529 610
P0064 0.33333 650 1218 675 1258
P0066 0.083333 3064 172 3114 203
P0066 0.083333 3084 198 3124 223
P0066 0.083333 2409 183 2500 240
P0066 0.083333 2833 224 2889 258
P0066 0.083333 1954 336 1994 361
P0066 0.083333 1875 374 1915 399
P0066 0.083333 2482 419 2560 467
P0066 0.083333 454 588 538 640
P0066 0.083333 2492 1557 2580 1612
P0066 0.083333 1976 2384 2476 2697
P0066 0.076923 2871 706 2896 746
P0066 0.076923 3015 721 3063 798
P0066 0.076923 2907 804 2939 856
P0066 0.076923 790 898 815 938
P0066 0.076923 853 898 881 943
P0066 0.076923 3061 872 3107 946
P0066 0.076923 850 1448 875 1488
P0066 0.076923 2314 1687 2369 1775
P0066 0.076923 2659 1696 2714 1784
P0066 0.076923 2337 2165 2395 2257
P0066 0.076923 2528 2167 2586 2259
P0067 0.25 916 1201 968 1233
P0067 0.25 930 1256 970 1281
P0067 0.125 816 139 847 189
P0067 0.125 654 161 683 208
P0067 0.125 100 731 125 771
P0067 0.125 906 828 934 872
P0067 0.125 959 1069 984 1109
P0067 0.125 1062 1150 1087 1190
P0070 0.1 548 301 588 326
P0070 0.1 435 321 489 354
P0070 0.1 432 379 472 404
P0070 0.1 933 564 1010 612
P0070 0.1 1114 620 1156 646
P0070 0.1 642 830 682 855
P0070 0.1 1043 1007 1083 1032
P0070 0.1 991 1015 1031 1040
P0070 0.25 23 945 55 997
P0070 0.25 250 1074 275 1114
P0071 0.33333 877 273 904 316
P0074 0.33333 507 146 551 173
P0076 0.25 514 488 541 532
P0076 0.25 451 476 506 564
P0082 0.071429 2044 123 2158 194
P0082 0.071429 1673 661 1713 686
P0082 0.071429 3372 768 3418 796
P0082 0.071429 211 843 251 868
P0082 0.071429 1782 891 1826 918
P0082 0.071429 1651 1758 1691 1783
P0082 0.071429 5304 1923 5346 1949
P0082 0.071429 1814 1976 1882 2018
P0082 0.071429 3652 2027 3692 2052
P0082 0.071429 2287 2644 2327 2669
P0082 0.071429 98 4132 143 4160
P0082 0.071429 4829 4220 4869 4245
P0082 0.1 1429 630 1454 670
P0082 0.1 2019 2150 2060 2216
P0082 0.1 2206 2188 2231 2228
P0082 0.1 1846 2274 1884 2335
P0082 0.1 1836 2321 1876 2386
P0082 0.1 1903 2232 1945 2300
P0082 0.1 5254 2782 5279 2822
P0082 0.1 3105 4423 3130 4463
P0083 0.076923 1454 82 1494 107
P0083 0.076923 2692 196 2732 221
P0083 0.076923 2692 224 2743 255
P0083 0.076923 2663 213 2747 265
P0083 0.076923 1763 400 1810 429
P0083 0.076923 1806 386 1852 414
P0083 0.076923 4337 834 4425 889
P0083 0.076923 3722 1432 3770 1462
P0083 0.076923 45 3182 87 3208
P0083 0.076923 1238 3259 1282 3287
P0083 0.076923 3295 3690 3335 3715
P0083 0.2 2935 1824 2960 1864
P0083 0.2 4291 2261 4316 2301
P0083 0.2 4876 2713 4901 2753
P0085 0.33333 1911 883 1955 910
P0085 0.14286 1280 78 1335 166
P0085 0.14286 386 1053 411 1093
P0085 0.14286 1948 1564 1973 1604
P0085 0.14286 762 1983 788 2025
P0085 0.14286 1314 2386 1339 2426
P0087 0.016129 2014 78 2054 103
P0087 0.016129 2126 122 2166 147
P0087 0.016129 1503 323 1543 348
P0087 0.016129 1474 355 1514 380
P0087 0.016129 2123 651 2165 677
P0087 0.016129 2089 684 2129 709
P0087 0.016129 443 1070 485 1096
P0087 0.016129 3668 1090 3708 1115
P0087 0.016129 403 1089 443 1114
P0087 0.016129 395 1112 438 1139
P0087 0.016129 1577 1112 1619 1138
P0087 0.016129 282 1143 324 1169
P0087 0.016129 541 1144 581 1169
P0087 0.016129 708 1189 748 1214
P0087 0.016129 445 1192 485 1217
P0087 0.016129 537 1165 577 1190
P0087 0.016129 248 1159 291 1186
P0087 0.016129 552 1168 594 1194
P0087 0.016129 1029 1193 1069 1218
P0087 0.016129 274 1243 333 1279
P0087 0.016129 319 1276 359 1301
P0087 0.016129 2287 1341 2327 1366
P0087 0.016129 296 1453 342 1481
P0087 0.016129 1652 1499 1695 1526
P0087 0.016129 3591 1542 3639 1572
P0087 0.016129 1345 1658 1385 1683
P0087 0.016129 3776 1781 3816 1806
P0087 0.016129 3807 1803 3847 1828
P0087 0.016129 3176 1848 3218 1874
P0087 0.016129 3670 1856 3714 1883
P0087 0.016129 3938 1875 3978 1900
P0087 0.016129 4013 1905 4053 1930
P0087 0.016129 3977 1891 4017 1916
P0087 0.016129 4126 1945 4166 1970
P0087 0.016129 3840 1963 3880 1988
P0087 0.016129 4213 1982 4257 2009
P0087 0.016129 4174 1965 4214 1990
P0087 0.016129 4284 2016 4325 2042
P0087 0.016129 4258 2047 4304 2075
P0087 0.016129 4318 2036 4358 2061
P0087 0.016129 4135 2082 4175 2107
P0087 0.016129 3629 2453 3669 2478
P0087 0.016129 3331 2759 3371 2784
P0087 0.016129 2246 2916 2292 2944
P0087 0.016129 2480 2938 2522 2964
P0087 0.016129 4009 3050 4049 3075
P0087 0.016129 218 3292 260 3318
P0087 0.016129 299 3324 339 3349
P0087 0.016129 377 3358 417 3383
P0087 0.016129 402 3428 450 3458
P0087 0.016129 468 3459 520 3491
P0087 0.016129 558 3509 610 3541
P0087 0.016129 173 3506 215 3532
P0087 0.016129 135 3491 175 3516
P0087 0.016129 205 3519 245 3544
P0087 0.016129 407 3612 451 3639
P0087 0.016129 736 3622 781 3650
P0087 0.016129 470 3643 510 3668
P0087 0.016129 561 3698 604 3725
P0087 0.016129 3249 3827 3289 3852
P0087 0.034483 425 36 450 76
P0087 0.034483 443 78 468 118
P0087 0.034483 428 104 458 152
P0087 0.034483 428 184 453 224
P0087 0.034483 490 179 515 219
P0087 0.034483 536 277 561 317
P0087 0.034483 557 322 582 362
P0087 0.034483 2698 398 2723 438
P0087 0.034483 622 466 647 506
P0087 0.034483 641 509 666 549
P0087 0.034483 2629 511 2654 551
P0087 0.034483 2806 556 2831 596
P0087 0.034483 2826 595 2851 635
P0087 0.034483 656 612 681 652
P0087 0.034483 2885 718 2911 760
P0087 0.034483 1112 738 1137 778
P0087 0.034483 2901 756 2926 796
P0087 0.034483 2820 792 2873 877
P0087 0.034483 3068 1080 3094 1122
P0087 0.034483 3019 1136 3052 1190
P0087 0.034483 2963 1148 2988 1188
P0087 0.034483 141 2292 167 2334
P0087 0.034483 2796 2751 2821 2791
P0087 0.034483 773 2908 798 2948
P0087 0.034483 753 3916 783 3964
P0087 0.034483 1442 4479 1467 4519
P0087 0.034483 2361 4722 2389 4768
P0094 0.25 862 633 902 658
P0094 0.25 847 688 887 713
P0095 0.25 238 456 278 481
P0095 0.25 211 514 251 539
P0095 0.33333 262 1064 289 1107
P0096 0.25 850 771 890 796
P0096 0.25 836 800 876 825
P0096 0.33333 167 281 192 321
P0098 0.16667 524 252 566 278
P0098 0.16667 189 504 229 529
P0098 0.16667 156 563 198 589
P0098 0.16667 440 996 480 1021
P0098 0.16667 841 102 869 147
P0098 0.16667 836 215 867 265
P0098 0.16667 823 256 851 302
P0098 0.16667 792 356 824 408
P0099 0.25 756 397 813 432
P0099 0.25 1072 722 1112 747
P0099 0.2 495 281 520 321
P0099 0.2 308 326 334 367
P0099 0.2 455 1251 480 1291
P0100 0.33333 613 586 638 626
P0109 0.2 314 927 354 952
P0109 0.2 730 932 782 964
P0109 0.2 524 1124 565 1149
P0109 0.33333 465 1082 491 1124
P0111 0.33333 944 175 1045 238
P0113 0.11111 1890 69 1973 121
P0113 0.11111 1995 1487 2076 1537
P0113 0.11111 2697 2042 2782 2095
P0113 0.11111 1976 2753 2057 2804
P0113 0.11111 917 3086 999 3137
P0113 0.11111 1118 2961 1206 3016
P0113 0.11111 965 3220 1010 3248
P0113 0.083333 335 720 480 952
P0113 0.083333 2864 1776 2892 1822
P0113 0.083333 2817 2020 2883 2125
P0113 0.083333 1079 2215 1134 2303
P0113 0.083333 142 2584 247 2752
P0113 0.083333 585 3395 613 3439
P0113 0.083333 602 3508 656 3595
P0113 0.083333 2060 3812 2087 3856
P0113 0.083333 2362 3886 2422 3981
P0113 0.083333 3671 3898 3731 3995
P0116 0.25 359 330 385 372
P0116 0.25 224 455 249 495
P0119 0.33333 1420 208 1503 260
P0122 0.1 84 119 132 149
P0122 0.1 951 154 997 182
P0122 0.1 388 712 477 768
P0122 0.1 525 831 570 859
P0122 0.1 664 848 704 873
P0122 0.1 598 814 638 839
P0122 0.1 863 1120 903 1145
P0122 0.1 901 1390 941 1415
P0122 0.066667 1435 525 1463 569
P0122 0.066667 1280 585 1305 625
P0122 0.066667 1362 619 1387 659
P0122 0.066667 1229 628 1260 678
P0122 0.066667 1295 651 1324 698
P0122 0.066667 1345 667 1370 707
P0122 0.066667 1463 668 1490 711
P0122 0.066667 1202 735 1227 775
P0122 0.066667 1281 767 1309 812
P0122 0.066667 1341 799 1366 839
P0122 0.066667 1379 820 1408 867
P0122 0.066667 1444 836 1473 883
P0122 0.066667 227 1121 252 1161
P0136 0.33333 2416 2511 2460 2538
P0136 0.25 641 1580 667 1622
P0136 0.25 910 2390 935 2430
P0139 0.33333 551 204 665 275
P0139 0.047619 668 108 728 205
P0139 0.047619 620 125 659 188
P0139 0.047619 688 124 718 172
P0139 0.047619 615 204 668 289
P0139 0.047619 560 197 612 280
P0139 0.047619 555 114 612 205
P0139 0.047619 496 113 553 204
P0139 0.047619 409 271 441 323
P0139 0.047619 625 258 663 319
P0139 0.047619 342 266 387 338
P0139 0.047619 396 252 451 340
P0139 0.047619 567 235 622 323
P0139 0.047619 626 321 662 379
P0139 0.047619 343 307 399 397
P0139 0.047619 411 332 440 379
P0139 0.047619 580 379 610 428
P0139 0.047619 415 391 443 435
P0139 0.047619 629 375 661 427
P0139 0.047619 356 389 388 441
P0141 0.33333 967 1420 1062 1480
P0144 0.33333 500 581 525 621
P0147 0.33333 818 192 919 255
P0160 0.33333 1099 794 1196 855
P0160 0.2 363 1036 393 1084
P0160 0.2 342 1017 401 1111
P0160 0.2 852 1736 969 1923
P0162 0.14286 670 251 702 303
P0162 0.14286 638 303 693 391
P0162 0.14286 556 477 584 521
P0162 0.14286 176 788 204 834
P0162 0.14286 473 895 502 941
P0163 0.33333 880 540 968 595
P0164 0.25 1112 778 1173 876
P0164 0.25 1001 941 1094 1090
P0167 0.027027 1726 58 1805 107
P0167 0.027027 894 131 946 163
P0167 0.027027 1273 236 1365 293
P0167 0.027027 1295 245 1338 272
P0167 0.027027 1687 340 1775 395
P0167 0.027027 461 495 549 550
P0167 0.027027 1344 869 1396 901
P0167 0.027027 1364 1001 1411 1030
P0167 0.027027 3159 1141 3244 1194
P0167 0.027027 3387 1195 3472 1248
P0167 0.027027 3558 1237 3644 1291
P0167 0.027027 518 1343 613 1402
P0167 0.027027 3732 1274 3827 1334
P0167 0.027027 472 1335 621 1428
P0167 0.027027 2686 1362 2793 1428
P0167 0.027027 2323 1598 2382 1634
P0167 0.027027 168 1766 240 1811
P0167 0.027027 1738 1877 1788 1908
P0167 0.027027 3038 1949 3078 1974
P0167 0.027027 3476 1976 3561 2029
P0167 0.027027 3336 1942 3428 2000
P0167 0.027027 1548 2236 1625 2284
P0167 0.027027 998 2174 1050 2206
P0167 0.027027 2896 2196 2948 2228
P0167 0.027027 1571 2285 1659 2340
P0167 0.027027 1593 2310 1681 2365
P0167 0.027027 1598 2342 1686 2397
P0167 0.027027 3040 2385 3128 2440
P0167 0.027027 3838 2574 3884 2602
P0167 0.027027 68 2867 147 2916
P0167 0.027027 2578 2662 2666 2717
P0167 0.027027 1484 3304 1595 3373
P0167 0.027027 3842 3265 3930 3320
P0167 0.027027 3133 3503 3222 3559
P0167 0.027027 3830 3400 3882 3432
P0167 0.043478 4017 107 4083 214
P0167 0.043478 1887 1095 1912 1135
P0167 0.043478 1900 1950 1925 1990
P0167 0.043478 1929 2001 1958 2048
P0167 0.043478 2009 2121 2057 2198
P0167 0.043478 1963 2052 1992 2100
P0167 0.043478 2063 2205 2100 2265
P0167 0.043478 2156 2332 2192 2390
P0167 0.043478 2118 2284 2168 2364
P0167 0.043478 959 2437 984 2477
P0167 0.043478 2540 2617 2568 2662
P0167 0.043478 3687 2639 3742 2727
P0167 0.043478 3454 2869 3499 2942
P0167 0.043478 1923 2704 1948 2744
P0167 0.043478 1851 2752 1883 2804
P0167 0.043478 3641 3087 3669 3131
P0167 0.043478 2594 3085 2654 3182
P0167 0.043478 115 3462 159 3533
P0167 0.043478 152 3420 181 3467
P0167 0.043478 108 3499 134 3541
P0167 0.043478 90 3516 122 3568
P0169 0.018182 5435 3 5483 33
P0169 0.018182 2966 76 3066 138
P0169 0.018182 4513 92 4614 155
P0169 0.018182 4039 300 4089 331
P0169 0.018182 1567 255 1658 312
P0169 0.018182 4399 287 4487 342
P0169 0.018182 6237 288 6334 349
P0169 0.018182 5105 277 5260 374
P0169 0.018182 5261 386 5303 412
P0169 0.018182 5433 466 5542 534
P0169 0.018182 5353 428 5441 483
P0169 0.018182 6824 525 6864 550
P0169 0.018182 2259 550 2303 577
P0169 0.018182 1284 810 1376 867
P0169 0.018182 689 800 777 855
P0169 0.018182 6168 822 6260 880
P0169 0.018182 4485 1079 4532 1108
P0169 0.018182 4378 1029 4482 1094
P0169 0.018182 4384 1043 4577 1164
P0169 0.018182 4470 1187 4546 1234
P0169 0.018182 209 1129 387 1241
P0169 0.018182 6306 1485 6392 1538
P0169 0.018182 568 1546 652 1598
P0169 0.018182 3059 1650 3144 1703
P0169 0.018182 5661 1863 5723 1901
P0169 0.018182 5298 1820 5424 1898
P0169 0.018182 1563 2275 1604 2301
P0169 0.018182 1236 2332 1280 2359
P0169 0.018182 5733 2374 5778 2402
P0169 0.018182 2125 2541 2180 2575
P0169 0.018182 298 2534 343 2562
P0169 0.018182 2093 2523 2181 2578
P0169 0.018182 6420 2578 6512 2636
P0169 0.018182 4164 2582 4267 2647
P0169 0.018182 2910 2665 2995 2718
P0169 0.018182 5558 3226 5933 3460
P0169 0.018182 4006 2881 4054 2910
P0169 0.018182 5426 2841 5534 2908
P0169 0.018182 3644 2884 3745 2947
P0169 0.018182 3763 2910 3864 2973
P0169 0.018182 2089 3141 2135 3169
P0169 0.018182 2115 3058 2201 3112
P0169 0.018182 4388 3050 4494 3116
P0169 0.018182 4573 3094 4664 3151
P0169 0.018182 4627 3103 4730 3167
P0169 0.018182 4868 3162 4950 3213
P0169 0.018182 666 3068 754 3123
P0169 0.018182 4635 3192 4723 3247
P0169 0.018182 3087 3277 3178 3334
P0169 0.018182 401 3771 480 3820
P0169 0.018182 1017 3958 1108 4015
P0169 0.018182 6304 3984 6418 4055
P0169 0.018182 6276 3971 6425 4064
P0169 0.052632 6056 165 6082 207
P0169 0.052632 3678 374 3741 474
P0169 0.052632 3634 351 3694 448
P0169 0.052632 3612 339 3710 495
P0169 0.052632 3726 377 3827 539
P0169 0.052632 3749 410 3814 515
P0169 0.052632 5861 682 5921 777
P0169 0.052632 4834 752 4887 837
P0169 0.052632 3165 947 3190 987
P0169 0.052632 482 971 536 1057
P0169 0.052632 5655 1097 5710 1185
P0169 0.052632 3293 1446 3358 1550
P0169 0.052632 5378 1562 5403 1602
P0169 0.052632 5857 1740 5912 1828
P0169 0.052632 6788 2211 6813 2251
P0169 0.052632 6600 2803 6656 2893
P0169 0.052632 3928 3917 3955 3960
P0171 0.33333 252 465 298 493
P0171 0.33333 1800 138 1825 178
P0172 0.11111 161 122 201 147
P0172 0.11111 1339 303 1379 328
P0172 0.11111 776 1434 822 1462
P0172 0.11111 795 1466 835 1491
P0172 0.11111 987 1490 1075 1545
P0172 0.11111 951 1522 1039 1577
P0172 0.11111 1015 1538 1103 1593
P0172 0.11111 1156 73 1284 278
P0172 0.11111 397 722 428 772
P0172 0.11111 229 746 254 786
P0172 0.11111 1290 950 1315 990
P0172 0.11111 1265 998 1293 1044
P0172 0.11111 2130 1220 2155 1260
P0172 0.11111 2415 1319 2440 1359
P0174 0.076923 74 430 123 460
P0174 0.076923 52 478 92 503
P0174 0.076923 1104 484 1154 515
P0174 0.076923 92 511 136 538
P0174 0.076923 94 536 134 561
P0174 0.076923 1188 553 1228 578
P0174 0.076923 78 554 119 580
P0174 0.076923 1205 559 1250 587
P0174 0.076923 51 618 95 645
P0174 0.076923 693 632 741 662
P0174 0.076923 1396 637 1448 669
P0174 0.125 226 13 251 53
P0174 0.125 1337 687 1362 727
P0174 0.125 276 790 301 830
P0174 0.125 213 931 238 971
P0174 0.125 10 1176 35 1216
P0174 0.125 806 1290 833 1334
P0183 0.33333 5276 632 5316 657
P0183 0.2 2107 481 2132 521
P0183 0.2 244 1370 274 1419
P0183 0.2 2321 1571 2346 1611
P0187 0.16667 2358 630 2405 659
P0187 0.16667 2377 653 2429 685
P0187 0.16667 2361 666 2401 691
P0187 0.16667 2368 672 2420 704
P0188 0.25 1375 84 1415 109
P0188 0.25 1381 496 1485 561
P0200 0.2 115 645 155 670
P0200 0.2 116 704 156 729
P0200 0.2 283 734 323 759
P0202 0.1 200 311 285 364
P0202 0.1 251 560 300 590
P0202 0.1 421 597 467 625
P0202 0.1 267 627 315 657
P0202 0.1 235 580 320 633
P0202 0.1 283 813 326 840
P0202 0.1 283 845 323 870
P0202 0.1 22 912 110 967
P0202 0.125 76 132 129 217
P0202 0.125 78 706 103 746
P0202 0.125 61 734 86 774
P0202 0.125 19 695 74 783
P0202 0.125 524 1111 554 1159
P0202 0.125 469 1089 532 1190
P0209 0.083333 3615 45 3655 70
P0209 0.083333 3813 322 3860 351
P0209 0.083333 3892 438 3932 463
P0209 0.083333 3852 430 3897 458
P0209 0.083333 2958 766 2998 791
P0209 0.083333 1464 1164 1504 1189
P0209 0.083333 1698 1397 1738 1422
P0209 0.083333 3284 1603 3324 1628
P0209 0.083333 3261 1640 3309 1669
P0209 0.083333 3353 1719 3393 1744
P0209 0.14286 3739 10 3764 50
P0209 0.14286 3712 44 3740 90
P0209 0.14286 3819 373 3844 413
P0209 0.14286 278 1466 317 1529
P0209 0.14286 2848 1624 2873 1664
P0210 0.030303 1892 4 1936 32
P0210 0.030303 1880 46 1920 71
P0210 0.030303 1889 24 1933 51
P0210 0.030303 2053 23 2095 49
P0210 0.030303 1600 49 1644 76
P0210 0.030303 1603 20 1646 47
P0210 0.030303 1865 65 1910 93
P0210 0.030303 1469 62 1509 87
P0210 0.030303 2035 90 2075 115
P0210 0.030303 2023 84 2075 116
P0210 0.030303 1856 106 1904 136
P0210 0.030303 2018 128 2061 154
P0210 0.030303 1514 201 1554 226
P0210 0.030303 1835 197 1876 222
P0210 0.030303 1990 203 2030 228
P0210 0.030303 1831 219 1878 248
P0210 0.030303 1816 238 1864 267
P0210 0.030303 1978 245 2022 272
P0210 0.030303 1973 265 2013 290
P0210 0.030303 669 295 713 322
P0210 0.030303 194 292 286 350
P0210 0.030303 261 303 362 366
P0210 0.030303 1230 476 1273 503
P0210 0.030303 1267 486 1312 514
P0210 0.030303 1335 501 1379 528
P0210 0.030303 869 533 911 559
P0210 0.030303 1574 585 1618 613
P0210 0.030303 1634 608 1674 633
P0210 0.030303 1565 829 1611 857
P0210 0.030303 1606 842 1646 867
P0210 0.030303 2173 893 2213 918
P0210 0.33333 1226 177 1253 221
P0212 0.33333 294 555 344 586
P0212 0.16667 513 760 539 802
P0212 0.16667 336 792 361 832
P0212 0.16667 498 808 523 848
P0212 0.16667 455 818 480 858
P0218 0.125 1474 1221 1565 1278
P0218 0.125 1963 1491 2141 1603
P0218 0.125 1704 1397 1795 1454
P0218 0.125 1938 1579 2026 1634
P0218 0.125 2176 1754 2259 1806
P0218 0.125 2406 1938 2490 1991
P0218 0.25 625 349 680 437
P0218 0.25 2454 1765 2580 1966
P0219 0.083333 2292 538 2336 566
P0219 0.083333 1678 514 1718 539
P0219 0.083333 1490 656 1540 687
P0219 0.083333 1751 767 1803 799
P0219 0.083333 956 778 1000 805
P0219 0.083333 1800 772 1840 797
P0219 0.083333 1876 771 1916 796
P0219 0.083333 2379 771 2419 796
P0219 0.083333 778 857 818 882
P0219 0.083333 187 901 227 926
P0224 0.25 162 1120 202 1145
P0224 0.25 142 1273 185 1300
P0224 0.33333 937 646 962 686
P0226 0.33333 489 535 592 599
P0226 0.33333 502 760 553 842
P0229 0.2 1025 655 1050 695
P0229 0.2 1004 663 1030 705
P0229 0.2 1107 712 1133 754
P0232 0.33333 616 1675 662 1703
P0232 0.25 962 289 990 335
P0232 0.25 1079 411 1107 457
P0233 0.16667 701 285 729 330
P0233 0.16667 482 416 539 508
P0233 0.16667 705 571 730 611
P0233 0.16667 291 591 320 638
P0235 0.066667 276 160 301 201
P0235 0.066667 204 164 229 204
P0235 0.066667 252 161 277 201
P0235 0.066667 181 171 206 211
P0235 0.066667 330 239 355 279
P0235 0.066667 435 274 460 314
P0235 0.066667 76 292 101 332
P0235 0.066667 178 320 205 363
P0235 0.066667 156 327 181 368
P0235 0.066667 613 328 639 370
P0235 0.066667 450 361 476 403
P0235 0.066667 242 407 268 449
P0235 0.066667 198 419 223 459
P0236 0.33333 685 1258 710 1298
P0238 0.33333 806 420 852 448
P0238 0.33333 707 1335 732 1375
P0241 0.33333 1029 761 1073 789
P0241 0.33333 775 818 802 861
P0244 0.33333 1071 178 1176 244
P0250 0.25 922 134 965 161
P0250 0.25 1072 358 1116 385
P0250 0.1 574 4 625 85
P0250 0.1 508 341 536 386
P0250 0.1 410 529 435 569
P0250 0.1 913 544 941 589
P0250 0.1 596 598 624 643
P0250 0.1 349 664 374 704
P0250 0.1 1089 924 1116 967
P0250 0.1 402 1584 427 1624
P0251 0.25 1337 257 1382 285
P0251 0.25 702 1279 746 1306
P0252 0.33333 884 329 924 354
P0254 0.33333 974 61 1005 111
P0255 0.33333 1043 1489 1068 1529
P0256 0.33333 118 219 232 290
P0258 0.33333 432 879 487 967
P0260 0.25 1178 398 1218 423
P0260 0.25 844 575 884 600
P0264 0.083333 512 49 552 74
P0264 0.083333 147 56 187 81
P0264 0.083333 227 105 267 130
P0264 0.083333 588 97 630 123
P0264 0.083333 637 128 677 153
P0264 0.083333 728 190 780 222
P0264 0.083333 233 245 276 272
P0264 0.083333 835 254 878 281
P0264 0.083333 906 297 946 322
P0264 0.083333 105 448 149 475
P0264 0.33333 131 38 158 82
P0270 0.02381 1124 267 1212 322
P0270 0.02381 786 322 879 380
P0270 0.02381 901 324 1005 389
P0270 0.02381 1132 372 1227 431
P0270 0.02381 605 340 693 395
P0270 0.02381 799 377 892 435
P0270 0.02381 1145 419 1185 444
P0270 0.02381 115 440 155 465
P0270 0.02381 262 401 348 455
P0270 0.02381 121 464 161 489
P0270 0.02381 1125 438 1215 494
P0270 0.02381 793 461 881 516
P0270 0.02381 480 464 568 519
P0270 0.02381 1113 478 1197 530
P0270 0.02381 266 462 375 530
P0270 0.02381 913 501 1009 561
P0270 0.02381 265 501 350 554
P0270 0.02381 468 526 557 582
P0270 0.02381 1108 594 1196 649
P0270 0.02381 571 582 659 637
P0270 0.02381 1129 552 1212 604
P0270 0.02381 102 592 145 619
P0270 0.02381 894 592 982 647
P0270 0.02381 799 583 887 638
P0270 0.02381 264 641 310 669
P0270 0.02381 257 594 371 665
P0270 0.02381 785 621 876 678
P0270 0.02381 893 656 985 714
P0270 0.02381 793 663 882 719
P0270 0.02381 1109 679 1197 734
P0270 0.02381 263 765 355 822
P0270 0.02381 881 752 966 805
P0270 0.02381 1099 787 1192 845
P0270 0.02381 253 813 354 876
P0270 0.02381 886 807 974 862
P0270 0.02381 546 818 624 866
P0270 0.02381 900 837 984 889
P0270 0.02381 546 822 660 893
P0270 0.02381 1087 848 1178 905
P0270 0.02381 534 847 635 910
P0270 0.1 230 106 255 146
P0270 0.1 221 724 246 764
P0270 0.1 463 1002 488 1042
P0270 0.1 1056 1051 1081 1091
P0270 0.1 487 1050 512 1090
P0270 0.1 1049 1046 1081 1098
P0270 0.1 428 1145 453 1185
P0270 0.1 369 1143 394 1183
P0272 0.33333 792 259 837 287
P0272 0.25 98 179 127 227
P0272 0.25 596 756 621 796
P0273 0.16667 1151 315 1197 343
P0273 0.16667 316 291 402 345
P0273 0.16667 1237 377 1281 405
P0273 0.16667 777 531 865 586
P0273 0.25 518 150 543 190
P0273 0.25 883 602 908 642
P0275 0.055556 885 200 968 251
P0275 0.055556 868 236 952 288
P0275 0.055556 1054 201 1146 259
P0275 0.055556 1043 225 1138 285
P0275 0.055556 871 323 952 374
P0275 0.055556 842 349 925 401
P0275 0.055556 1016 438 1104 493
P0275 0.055556 845 491 885 516
P0275 0.055556 1020 414 1108 469
P0275 0.055556 1017 486 1103 540
P0275 0.055556 1015 511 1110 570
P0275 0.055556 1017 598 1099 649
P0275 0.055556 938 645 1043 711
P0275 0.055556 697 702 749 734
P0275 0.055556 903 669 999 729
P0275 0.055556 899 700 1003 765
P0275 0.14286 617 558 648 608
P0275 0.14286 327 719 359 771
P0275 0.14286 791 900 818 944
P0275 0.14286 981 961 1009 1006
P0275 0.14286 810 910 842 962
P0276 0.25 101 364 189 419
P0276 0.25 116 384 210 443
P0276 0.25 347 615 372 655
P0276 0.25 682 697 707 737
P0280 0.25 567 130 599 182
P0280 0.25 151 641 179 686
P0282 0.33333 315 560 355 585
P0283 0.071429 1149 117 1175 159
P0283 0.071429 272 158 300 203
P0283 0.071429 421 181 449 226
P0283 0.071429 238 156 270 208
P0283 0.071429 659 229 684 269
P0283 0.071429 655 219 687 271
P0283 0.071429 329 298 359 346
P0283 0.071429 661 350 689 396
P0283 0.071429 899 378 925 420
P0283 0.071429 842 370 874 422
P0283 0.071429 649 449 676 493
P0283 0.071429 684 441 711 484
P0285 0.2 411 516 463 548
P0285 0.2 417 460 495 508
P0285 0.2 96 831 144 861
P0286 0.1 34 192 74 217
P0286 0.1 356 241 396 266
P0286 0.1 159 289 199 314
P0286 0.1 774 606 824 637
P0286 0.1 247 562 302 596
P0286 0.1 336 673 388 705
P0286 0.1 117 784 157 809
P0286 0.1 82 860 122 885
P0286 0.2 37 185 63 226
P0286 0.2 35 283 60 323
P0286 0.2 263 648 327 751
P0289 0.25 645 916 685 941
P0289 0.25 610 933 650 958
P0292 0.16667 909 123 949 148
P0292 0.16667 932 212 976 239
P0292 0.16667 314 259 354 284
P0292 0.16667 440 227 486 255
P0292 0.25 711 249 771 346
P0292 0.25 772 523 797 563
P0293 0.33333 926 764 1015 819
P0293 0.25 166 392 191 432
P0293 0.25 180 436 210 484
P0294 0.33333 687 120 733 148
P0294 0.25 420 128 449 175
P0294 0.25 275 272 326 353
P0303 0.25 310 508 337 552
P0303 0.25 22 558 47 598
P0310 0.1 542 859 567 899
P0310 0.1 377 1017 402 1057
P0310 0.1 68 1128 93 1168
P0310 0.1 37 1148 62 1188
P0310 0.1 44 1643 69 1683
P0310 0.1 541 1676 566 1716
P0310 0.1 552 1709 577 1749
P0310 0.1 1513 1584 1574 1682
P0313 0.33333 744 49 784 74
P0313 0.33333 436 67 464 111
P0317 0.041667 1043 38 1083 63
P0317 0.041667 1048 57 1088 82
P0317 0.041667 1127 54 1179 86
P0317 0.041667 1752 71 1796 98
P0317 0.041667 1475 95 1519 122
P0317 0.041667 1552 111 1595 138
P0317 0.041667 1716 108 1756 133
P0317 0.041667 1060 117 1104 145
P0317 0.041667 1546 91 1590 118
P0317 0.041667 1501 160 1547 188
P0317 0.041667 1216 188 1260 215
P0317 0.041667 1726 189 1778 221
P0317 0.041667 1576 206 1619 233
P0317 0.041667 859 219 904 247
P0317 0.041667 1580 227 1622 253
P0317 0.041667 1174 202 1214 227
P0317 0.041667 1336 259 1376 284
P0317 0.041667 880 337 923 364
P0317 0.041667 1110 322 1150 347
P0317 0.041667 129 367 228 429
P0317 0.041667 706 451 746 476
P0317 0.041667 1208 476 1248 501
P0317 0.2 155 99 180 139
P0317 0.2 1167 90 1194 134
P0317 0.2 1180 859 1208 905
P0321 0.33333 309 1652 349 1677
P0321 0.33333 206 1444 232 1486
P0324 0.2 444 9 488 36
P0324 0.2 1495 272 1535 297
P0324 0.2 928 200 1020 258
P0324 0.047619 1540 83 1567 126
P0324 0.047619 1835 163 1860 203
P0324 0.047619 1899 185 1924 225
P0324 0.047619 1941 184 1973 236
P0324 0.047619 1968 200 1993 240
P0324 0.047619 1459 214 1487 260
P0324 0.047619 1845 219 1870 259
P0324 0.047619 1991 210 2016 250
P0324 0.047619 1867 227 1894 270
P0324 0.047619 1525 239 1552 282
P0324 0.047619 2080 236 2105 276
P0324 0.047619 2129 243 2154 283
P0324 0.047619 1503 228 1529 270
P0324 0.047619 1981 253 2006 293
P0324 0.047619 1934 339 1959 379
P0324 0.047619 1960 342 1987 386
P0324 0.047619 2488 385 2516 430
P0324 0.047619 2585 411 2610 451
P0324 0.047619 2617 419 2642 459
P0327 0.33333 285 1454 448 1556
P0327 0.25 678 372 738 469
P0327 0.25 254 660 317 761
P0330 0.25 848 666 900 698
P0330 0.25 862 701 902 726
P0330 0.25 210 117 237 160
P0330 0.25 488 330 513 370
P0332 0.33333 1141 1370 1181 1395
P0332 0.33333 1088 308 1115 352
P0335 0.33333 1258 150 1283 190
P0337 0.25 1925 9 1965 34
P0337 0.25 919 344 971 376
P0337 0.16667 701 104 729 148
P0337 0.16667 1016 145 1041 185
P0337 0.16667 2586 284 2637 366
P0337 0.16667 727 361 752 401
P0338 0.33333 394 830 434 855
P0338 0.33333 2129 820 2154 860
P0339 0.33333 2751 1187 2791 1212
P0339 0.16667 1282 1067 1313 1117
P0339 0.16667 2217 1047 2242 1087
P0339 0.16667 135 1183 162 1227
P0339 0.16667 880 1193 906 1234
P0340 0.058824 245 19 327 70
P0340 0.058824 88 46 176 101
P0340 0.058824 1880 472 1972 529
P0340 0.058824 1910 552 1996 606
P0340 0.058824 1674 576 1782 643
P0340 0.058824 975 620 1059 672
P0340 0.058824 1930 674 2018 729
P0340 0.058824 371 728 420 758
P0340 0.058824 1065 939 1160 999
P0340 0.058824 97 965 146 995
P0340 0.058824 594 856 682 911
P0340 0.058824 1636 866 1724 921
P0340 0.058824 1452 923 1540 978
P0340 0.058824 184 1106 262 1154
P0340 0.058824 491 1086 534 1113
P0340 0.1 747 14 775 60
P0340 0.1 2290 112 2315 152
P0340 0.1 1884 223 1909 263
P0340 0.1 1590 311 1617 354
P0340 0.1 1705 391 1730 431
P0340 0.1 517 435 542 475
P0340 0.1 1579 426 1604 466
P0340 0.1 186 585 218 637
P0343 0.33333 1340 484 1365 524
P0344 0.33333 477 432 529 464
P0344 0.25 587 230 617 278
P0344 0.25 1710 436 1737 479
P0345 0.2 1098 658 1138 683
P0345 0.2 1129 663 1172 690
P0345 0.2 621 2024 668 2053
P0345 0.33333 717 444 742 484
P0346 0.25 3091 1532 3131 1557
P0346 0.25 2534 2451 2577 2478
P0346 0.11111 1561 1174 1586 1214
P0346 0.11111 3103 1533 3130 1576
P0346 0.11111 3086 1633 3111 1673
P0346 0.11111 2528 1707 2556 1752
P0346 0.11111 2344 1790 2369 1830
P0346 0.11111 2519 1892 2546 1936
P0346 0.11111 2560 2211 2589 2258
P0349 0.11111 2514 1574 2558 1601
P0349 0.11111 264 1558 352 1613
P0349 0.11111 542 1851 589 1880
P0349 0.11111 2914 1807 2966 1839
P0349 0.11111 411 2025 454 2052
P0349 0.11111 103 2926 148 2954
P0349 0.11111 48 2929 93 2957
P0350 0.33333 30 728 74 755
P0350 0.33333 177 612 202 652
P0360 0.33333 81 13 121 38
P0361 0.33333 470 378 510 403
P0363 0.33333 651 84 691 109
P0364 0.33333 684 686 724 711
P0365 0.11111 50 31 138 86
P0365 0.11111 91 75 179 130
P0365 0.11111 634 130 686 162
P0365 0.11111 621 97 719 158
P0365 0.11111 1057 325 1145 380
P0365 0.11111 319 499 359 524
P0365 0.11111 814 912 859 940
P0365 0.090909 750 254 806 343
P0365 0.090909 767 275 827 372
P0365 0.090909 792 293 854 392
P0365 0.090909 197 485 247 566
P0365 0.090909 216 499 271 587
P0365 0.090909 246 522 298 606
P0365 0.090909 266 542 319 626
P0365 0.090909 559 755 587 800
P0365 0.090909 584 791 610 833
P0366 0.090909 590 373 639 403
P0366 0.090909 522 405 614 463
P0366 0.090909 508 464 587 513
P0366 0.090909 475 492 562 546
P0366 0.090909 431 530 537 596
P0366 0.090909 84 778 124 803
P0366 0.090909 222 867 307 920
P0366 0.090909 322 931 406 983
P0366 0.090909 289 910 377 965
P0366 0.33333 468 728 529 825
P0367 0.25 390 64 442 96
P0367 0.25 1422 1161 1462 1186
P0367 0.33333 1247 522 1302 610
P0370 0.33333 438 764 478 789
P0371 0.33333 646 978 729 1030
P0373 0.14286 200 81 242 107
P0373 0.14286 398 260 450 292
P0373 0.14286 658 363 705 392
P0373 0.14286 561 323 624 362
P0373 0.14286 790 480 835 508
P0373 0.25 288 81 316 125
P0373 0.25 163 405 189 447
P0376 0.33333 5 323 34 370
P0378 0.076923 38 90 86 120
P0378 0.076923 235 372 285 403
P0378 0.076923 222 343 319 403
P0378 0.076923 381 520 421 545
P0378 0.076923 275 543 323 572
P0378 0.076923 283 569 335 601
P0378 0.076923 893 621 968 667
P0378 0.076923 277 722 323 750
P0378 0.076923 272 766 324 798
P0378 0.076923 826 944 873 973
P0378 0.076923 608 959 651 986
P0378 0.05 49 167 77 212
P0378 0.05 477 174 507 223
P0378 0.05 545 545 572 589
P0378 0.05 592 553 620 598
P0378 0.05 707 589 737 637
P0378 0.05 579 613 605 655
P0378 0.05 601 615 629 661
P0378 0.05 669 641 694 681
P0378 0.05 412 722 439 766
P0378 0.05 711 658 738 701
P0378 0.05 438 727 466 773
P0378 0.05 646 771 671 811
P0378 0.05 468 769 493 809
P0378 0.05 339 928 364 968
P0378 0.05 312 922 342 970
P0378 0.05 555 980 580 1020
P0378 0.05 678 1009 703 1049
P0378 0.05 568 1008 600 1060
P0379 0.33333 341 330 390 360
P0380 0.25 646 696 671 736
P0380 0.25 830 716 858 762
P0381 0.16667 958 48 987 95
P0381 0.16667 979 212 1004 252
P0381 0.16667 992 391 1017 431
P0381 0.16667 79 555 104 595
P0383 0.33333 67 442 92 482
P0401 0.058824 439 57 479 82
P0401 0.058824 241 268 291 299
P0401 0.058824 497 280 548 311
P0401 0.058824 272 191 324 223
P0401 0.058824 268 193 353 246
P0401 0.058824 488 209 570 260
P0401 0.058824 224 305 317 363
P0401 0.058824 441 341 531 397
P0401 0.058824 220 360 260 385
P0401 0.058824 421 378 508 432
P0401 0.058824 444 490 496 522
P0401 0.058824 175 449 263 504
P0401 0.058824 384 519 474 575
P0401 0.058824 368 564 420 596
P0401 0.058824 358 561 431 607
P0401 0.2 389 218 414 258
P0401 0.2 274 453 304 501
P0401 0.2 18 533 46 578
P0434 0.125 410 258 450 283
P0434 0.125 228 262 285 297
P0434 0.125 438 304 504 345
P0434 0.125 588 385 628 410
P0434 0.125 1110 432 1152 458
P0434 0.125 891 511 931 536
P0434 0.125 973 251 998 291
P0434 0.125 813 315 838 355
P0434 0.125 1166 494 1195 542
P0434 0.125 1109 574 1134 614
P0434 0.125 1104 624 1129 664
P0434 0.125 88 679 113 719
P0438 0.33333 324 1302 359 1359
P0441 0.33333 820 469 954 553
P0445 0.055556 473 346 519 374
P0445 0.055556 321 418 361 443
P0445 0.055556 241 438 283 464
P0445 0.055556 844 471 887 498
P0445 0.055556 830 554 874 582
P0445 0.055556 829 594 873 621
P0445 0.055556 831 575 876 603
P0445 0.055556 278 614 323 642
P0445 0.055556 829 614 874 642
P0445 0.055556 236 540 324 595
P0445 0.055556 826 674 871 702
P0445 0.055556 825 718 867 744
P0445 0.055556 828 784 868 809
P0445 0.055556 611 959 651 984
P0445 0.055556 703 996 750 1025
P0445 0.055556 786 1094 826 1119
P0445 0.33333 824 548 879 636
P0450 0.33333 818 7 843 47
P0452 0.33333 315 720 411 780
P0455 0.2 927 124 971 152
P0455 0.2 400 242 440 267
P0455 0.2 486 322 534 352
P0455 0.25 260 128 285 168
P0455 0.25 838 249 863 289
P0458 0.25 1159 312 1244 365
P0458 0.25 304 664 344 689
P0458 0.25 628 589 653 629
P0458 0.25 604 639 634 688
P0459 0.16667 91 119 131 144
P0459 0.16667 536 376 582 405
P0459 0.16667 559 410 602 437
P0459 0.16667 594 492 634 517
P0459 0.076923 482 306 509 350
P0459 0.076923 464 322 489 362
P0459 0.076923 621 358 649 402
P0459 0.076923 328 391 353 431
P0459 0.076923 324 505 349 545
P0459 0.076923 459 483 486 527
P0459 0.076923 345 492 370 532
P0459 0.076923 405 512 430 552
P0459 0.076923 384 519 409 559
P0459 0.076923 330 491 362 543
P0459 0.076923 365 532 390 572
P0461 0.33333 971 83 1034 184
P0464 0.05 537 682 580 709
P0464 0.05 440 643 497 678
P0464 0.05 875 681 957 732
P0464 0.05 743 829 790 858
P0464 0.05 977 841 1029 873
P0464 0.05 962 964 1002 989
P0464 0.05 833 1043 876 1070
P0464 0.05 761 1042 801 1067
P0464 0.05 813 1069 857 1096
P0464 0.05 1007 1069 1047 1094
P0464 0.05 996 962 1084 1017
P0464 0.05 285 1055 337 1087
P0464 0.05 810 1097 850 1122
P0464 0.05 1026 1122 1071 1150
P0464 0.05 805 1124 855 1155
P0464 0.05 294 1114 334 1139
P0464 0.05 695 1150 741 1178
P0464 0.05 287 1108 342 1142
P0465 0.014706 475 545 518 572
P0465 0.014706 505 539 545 564
P0465 0.014706 457 559 497 584
P0465 0.014706 602 544 648 572
P0465 0.014706 368 603 408 628
P0465 0.014706 358 625 398 650
P0465 0.014706 305 644 345 669
P0465 0.014706 282 655 324 681
P0465 0.014706 327 630 370 657
P0465 0.014706 227 672 269 698
P0465 0.014706 260 667 302 693
P0465 0.014706 674 681 721 710
P0465 0.014706 183 699 223 724
P0465 0.014706 686 699 733 728
P0465 0.014706 537 705 581 732
P0465 0.014706 162 709 202 734
P0465 0.014706 548 726 588 751
P0465 0.014706 709 740 752 767
P0465 0.014706 557 743 602 771
P0465 0.014706 697 719 743 748
P0465 0.014706 627 758 667 783
P0465 0.014706 713 760 759 788
P0465 0.014706 569 761 611 787
P0465 0.014706 482 786 522 811
P0465 0.014706 725 780 766 806
P0465 0.014706 23 776 63 801
P0465 0.014706 727 802 772 830
P0465 0.014706 422 816 469 845
P0465 0.014706 745 818 788 845
P0465 0.014706 517 840 562 868
P0465 0.014706 610 841 650 866
P0465 0.014706 655 842 695 867
P0465 0.014706 753 840 793 865
P0465 0.014706 447 854 489 880
P0465 0.014706 794 869 834 894
P0465 0.014706 449 878 489 903
P0465 0.014706 356 900 399 927
P0465 0.014706 786 895 826 920
P0465 0.014706 680 879 723 906
P0465 0.014706 661 913 701 938
P0465 0.014706 788 916 831 943
P0465 0.014706 318 921 360 947
P0465 0.014706 371 919 411 944
P0465 0.014706 645 919 697 951
P0465 0.014706 809 932 849 957
P0465 0.014706 707 939 747 964
P0465 0.014706 812 957 852 982
P0465 0.014706 341 958 382 984
P0465 0.014706 710 959 753 986
P0465 0.014706 351 978 391 1003
P0465 0.014706 821 974 865 1001
P0465 0.014706 725 975 770 1003
P0465 0.014706 742 991 785 1018
P0465 0.014706 390 1003 440 1034
P0465 0.014706 403 1023 447 1051
P0465 0.014706 377 1039 417 1064
P0465 0.014706 429 1045 470 1071
P0465 0.014706 538 1047 586 1076
P0465 0.014706 861 1053 901 1078
P0465 0.014706 386 1057 426 1082
P0465 0.014706 450 1071 494 1098
P0465 0.014706 640 1071 680 1096
P0465 0.014706 728 1075 768 1100
P0465 0.014706 745 1090 785 1115
P0465 0.014706 753 1109 796 1136
P0465 0.014706 417 1114 457 1139
P0465 0.25 256 132 281 172
P0465 0.25 538 514 563 554
P0471 0.11111 753 46 793 71
P0471 0.11111 180 72 226 101
P0471 0.11111 323 148 369 176
P0471 0.11111 504 282 544 307
P0471 0.11111 445 280 485 305
P0471 0.11111 769 423 812 450
P0471 0.11111 790 599 830 624
P0471 0.2 315 404 340 444
P0471 0.2 298 436 323 476
P0471 0.2 589 557 616 601
P0475 0.043478 769 82 813 110
P0475 0.043478 547 104 587 129
P0475 0.043478 794 136 837 163
P0475 0.043478 555 162 595 187
P0475 0.043478 639 165 683 193
P0475 0.043478 821 191 861 216
P0475 0.043478 613 190 659 219
P0475 0.043478 555 160 607 192
P0475 0.043478 545 187 597 219
P0475 0.043478 84 212 132 242
P0475 0.043478 76 236 122 265
P0475 0.043478 616 250 660 278
P0475 0.043478 384 254 433 284
P0475 0.043478 492 276 537 304
P0475 0.043478 519 305 564 333
P0475 0.043478 624 335 667 362
P0475 0.043478 315 390 362 419
P0475 0.043478 611 409 655 436
P0475 0.043478 516 428 564 458
P0475 0.043478 916 614 960 642
P0475 0.043478 191 648 231 673
P0475 0.25 293 507 318 547
P0475 0.25 645 790 677 842
P0477 0.33333 719 728 764 756
P0478 0.14286 597 261 641 289
P0478 0.14286 480 306 520 331
P0478 0.14286 559 511 601 537
P0478 0.14286 559 612 599 637
P0478 0.14286 331 704 371 729
P0479 0.33333 141 135 166 175
P0481 0.33333 312 681 352 706
P0482 0.33333 615 504 640 544
P0484 0.2 615 730 658 757
P0484 0.2 539 770 579 795
P0484 0.2 488 799 534 827
P0484 0.33333 3 348 28 388
P0488 0.25 180 224 223 251
P0488 0.25 514 623 554 648
P0488 0.33333 47 136 74 180
P0489 0.16667 841 231 881 256
P0489 0.16667 804 286 852 316
P0489 0.16667 699 445 742 472
P0489 0.16667 727 510 774 539
P0493 0.33333 114 723 139 763
P0494 0.083333 197 317 237 342
P0494 0.083333 1507 345 1547 370
P0494 0.083333 258 530 305 559
P0494 0.083333 2156 661 2240 713
P0494 0.083333 2226 887 2266 912
P0494 0.083333 2184 901 2224 926
P0494 0.083333 1209 1296 1251 1322
P0494 0.083333 71 1563 111 1588
P0494 0.083333 2648 1791 2691 1818
P0494 0.083333 775 1822 815 1847
P0494 0.25 145 322 209 424
P0494 0.25 2233 459 2259 501
P0495 0.25 120 415 146 457
P0495 0.25 88 467 113 507
P0503 0.33333 437 1100 483 1128
P0504 0.25 127 259 167 284
P0504 0.25 174 418 218 446
P0504 0.33333 782 46 807 86
P0505 0.33333 346 887 392 915
P0516 0.041667 430 64 470 89
P0516 0.041667 481 334 569 389
P0516 0.041667 638 439 726 494
P0516 0.041667 583 401 676 459
P0516 0.041667 699 486 794 545
P0516 0.041667 731 500 820 555
P0516 0.041667 1104 567 1191 621
P0516 0.041667 751 517 838 571
P0516 0.041667 794 551 888 610
P0516 0.041667 834 587 922 642
P0516 0.041667 564 623 656 680
P0516 0.041667 288 624 377 680
P0516 0.041667 1060 629 1146 683
P0516 0.041667 864 627 952 682
P0516 0.041667 600 645 693 703
P0516 0.041667 1035 665 1126 722
P0516 0.041667 650 671 755 737
P0516 0.041667 702 705 799 765
P0516 0.041667 434 726 522 781
P0516 0.041667 468 743 560 801
P0516 0.041667 492 762 578 816
P0516 0.041667 239 985 286 1014
P0516 0.083333 592 184 647 272
P0516 0.083333 714 214 771 305
P0516 0.083333 684 197 737 282
P0516 0.083333 822 258 879 349
P0516 0.083333 861 281 919 374
P0516 0.083333 1011 346 1065 433
P0516 0.083333 971 312 1034 413
P0516 0.083333 1047 364 1102 452
P0516 0.083333 1070 375 1128 468
P0516 0.083333 1090 400 1147 492
P0517 0.16667 355 62 397 88
P0517 0.16667 209 344 250 370
P0517 0.16667 830 970 872 996
P0517 0.16667 1036 1157 1084 1187
P0517 0.33333 1153 1054 1181 1099
P0531 0.33333 386 725 413 769
P0535 0.33333 873 32 905 84
P0538 0.33333 1203 733 1245 759
P0546 0.33333 116 996 156 1021
P0546 0.33333 220 764 245 804
P0548 0.125 72 706 120 735
P0548 0.125 405 790 448 817
P0548 0.125 387 738 463 785
P0548 0.125 424 761 512 816
P0548 0.125 512 876 593 927
P0548 0.125 313 947 365 979
P0565 0.33333 591 9 619 54
P0569 0.33333 312 770 352 795
P0569 0.14286 593 39 620 83
P0569 0.14286 847 139 872 179
P0569 0.14286 432 231 487 319
P0569 0.14286 769 334 794 374
P0569 0.14286 878 555 908 603
P0578 0.33333 1025 737 1050 777
P0580 0.045455 380 101 463 152
P0580 0.045455 397 80 478 131
P0580 0.045455 414 61 498 113
P0580 0.045455 581 385 625 412
P0580 0.045455 286 467 330 494
P0580 0.045455 182 441 234 473
P0580 0.045455 566 483 606 508
P0580 0.045455 492 424 589 484
P0580 0.045455 160 479 254 538
P0580 0.045455 247 541 295 570
P0580 0.045455 275 498 372 558
P0580 0.045455 228 568 324 628
P0580 0.045455 130 553 222 611
P0580 0.045455 471 565 559 620
P0580 0.045455 454 613 543 668
P0580 0.045455 134 580 222 635
P0580 0.045455 205 618 299 677
P0580 0.045455 418 691 496 739
P0580 0.045455 374 748 470 808
P0580 0.045455 328 809 436 876
P0593 0.33333 792 114 836 141
P0593 0.33333 259 318 285 360
P0601 0.14286 335 192 421 246
P0601 0.14286 319 214 405 268
P0601 0.14286 305 232 385 282
P0601 0.14286 177 507 287 575
P0601 0.14286 197 526 311 597
P0601 0.33333 292 303 347 391
P0612 0.2 490 379 583 437
P0612 0.2 608 682 655 711
P0612 0.2 783 905 823 930
P0612 0.16667 512 518 571 612
P0612 0.16667 740 560 795 648
P0612 0.16667 695 718 737 786
P0612 0.16667 685 720 740 808
P0624 0.33333 336 769 376 794
P0626 0.33333 197 1545 241 1572
P0627 0.25 177 398 243 504
P0627 0.25 122 453 149 497
P0630 0.33333 677 84 740 123
P0637 0.25 109 647 137 691
P0637 0.25 500 772 525 812
P0653 0.16667 287 873 327 898
P0653 0.16667 621 1087 705 1139
P0653 0.16667 822 1029 927 1095
P0653 0.16667 679 1114 731 1146
P0653 0.33333 759 573 814 661
P0664 0.33333 182 716 210 761
P0668 0.33333 419 314 444 354
P0676 0.11111 246 324 332 378
P0676 0.11111 225 376 314 431
P0676 0.11111 240 353 308 395
P0676 0.11111 266 286 357 343
P0676 0.11111 188 418 272 470
P0676 0.11111 155 487 241 540
P0676 0.11111 159 438 268 506
P0685 0.33333 617 1515 699 1647
P0688 0.25 504 903 554 934
P0688 0.25 545 948 585 973
P0691 0.33333 30 512 70 537
P0693 0.25 76 702 101 742
P0693 0.25 61 719 86 759
P0697 0.14286 494 418 538 445
P0697 0.14286 481 448 525 475
P0697 0.14286 462 506 502 531
P0697 0.14286 178 756 218 781
P0697 0.14286 586 1061 629 1088
P0697 0.125 231 589 259 634
P0697 0.125 977 590 1002 630
P0697 0.125 889 611 916 654
P0697 0.125 1157 789 1182 829
P0697 0.125 140 828 165 868
P0697 0.125 1114 881 1139 921
P0699 0.25 105 444 137 496
P0699 0.25 348 553 375 597
P0700 0.33333 1014 1487 1054 1512
P0702 0.2 609 651 703 710
P0702 0.2 415 757 508 815
P0702 0.2 621 843 720 905
P0702 0.16667 848 199 911 300
P0702 0.16667 875 288 928 372
P0702 0.16667 884 369 949 473
P0702 0.16667 913 517 966 602
P0703 0.066667 285 71 327 97
P0703 0.066667 390 33 433 60
P0703 0.066667 159 183 199 208
P0703 0.066667 89 204 134 232
P0703 0.066667 727 277 777 308
P0703 0.066667 71 505 113 531
P0703 0.066667 993 563 1033 588
P0703 0.066667 160 748 200 773
P0703 0.066667 148 745 205 780
P0703 0.066667 1162 1279 1206 1306
P0703 0.066667 733 1561 786 1594
P0703 0.066667 394 1530 479 1583
P0703 0.066667 295 1712 359 1752
P0703 0.045455 1094 6 1119 46
P0703 0.045455 161 25 186 65
P0703 0.045455 1096 267 1123 310
P0703 0.045455 783 373 808 413
P0703 0.045455 816 481 842 523
P0703 0.045455 610 465 635 505
P0703 0.045455 632 522 657 562
P0703 0.045455 479 565 506 608
P0703 0.045455 681 677 706 717
P0703 0.045455 1076 656 1104 700
P0703 0.045455 719 787 744 827
P0703 0.045455 623 1010 650 1053
P0703 0.045455 771 1034 796 1074
P0703 0.045455 477 1054 503 1095
P0703 0.045455 176 1167 201 1207
P0703 0.045455 845 1166 874 1214
P0703 0.045455 674 1301 703 1348
P0703 0.045455 234 1421 259 1461
P0703 0.045455 256 1481 281 1521
P0703 0.045455 774 1494 799 1534
P0713 0.33333 1732 752 1817 805
P0713 0.25 900 692 928 738
P0713 0.25 909 1005 934 1045
P0714 0.33333 226 491 268 517
P0716 0.16667 314 82 357 109
P0716 0.16667 54 242 139 295
P0716 0.16667 375 477 417 503
P0716 0.16667 619 1310 659 1335
P0716 0.14286 554 531 579 571
P0716 0.14286 635 553 660 593
P0716 0.14286 632 1135 657 1175
P0716 0.14286 203 1258 228 1298
P0716 0.14286 245 1244 270 1284
P0719 0.11111 1175 75 1221 103
P0719 0.11111 1290 109 1334 136
P0719 0.11111 1350 127 1390 152
P0719 0.11111 765 245 812 274
P0719 0.11111 1326 431 1369 458
P0719 0.11111 1349 408 1389 433
P0719 0.11111 1236 657 1276 682
P0719 0.11111 420 334 449 381
P0719 0.11111 611 357 637 398
P0719 0.11111 357 293 421 395
P0719 0.11111 1246 614 1278 666
P0719 0.11111 1440 744 1470 792
P0719 0.11111 1543 688 1575 740
P0719 0.11111 1563 787 1588 827
P0722 0.14286 515 112 562 141
P0722 0.14286 133 530 173 555
P0722 0.14286 10 558 51 584
P0722 0.14286 415 445 517 509
P0722 0.14286 191 642 238 671
P0723 0.11111 179 128 267 183
P0723 0.11111 358 31 463 97
P0723 0.11111 419 400 471 432
P0723 0.11111 262 352 350 407
P0723 0.11111 412 404 498 458
P0723 0.11111 498 595 586 650
P0723 0.11111 482 1344 567 1397
P0723 0.1 699 268 729 317
P0723 0.1 733 219 791 312
P0723 0.1 778 479 833 567
P0723 0.1 760 398 815 486
P0723 0.1 845 702 897 785
P0723 0.1 825 674 883 767
P0723 0.1 865 778 917 862
P0723 0.1 844 806 900 896
P0724 0.1 349 184 394 212
P0724 0.1 21 424 61 449
P0724 0.1 67 449 107 474
P0724 0.1 368 559 420 591
P0724 0.1 373 560 413 585
P0724 0.1 449 682 489 707
P0724 0.1 1369 1014 1415 1042
P0724 0.1 68 999 108 1024
P0724 0.2 1114 568 1139 608
P0724 0.2 141 696 169 742
P0724 0.2 1170 982 1205 1039
P0726 0.090909 362 299 402 324
P0726 0.090909 33 500 119 553
P0726 0.090909 544 572 584 597
P0726 0.090909 30 600 82 632
P0726 0.090909 196 656 239 683
P0726 0.090909 309 731 356 760
P0726 0.090909 470 829 510 854
P0726 0.090909 1393 835 1433 860
P0726 0.090909 714 973 761 1002
P0726 0.090909 320 220 345 260
P0726 0.090909 306 217 354 295
P0726 0.090909 48 361 78 410
P0726 0.090909 357 467 382 507
P0726 0.090909 720 510 745 550
P0726 0.090909 742 448 795 534
P0726 0.090909 791 451 844 536
P0726 0.090909 1087 657 1158 771
P0726 0.090909 836 841 889 926
P0727 0.11111 490 362 540 393
P0727 0.11111 332 482 372 507
P0727 0.11111 690 587 732 613
P0727 0.11111 145 734 187 760
P0727 0.11111 255 793 298 820
P0727 0.11111 1194 984 1237 1011
P0727 0.11111 691 1028 731 1053
P0727 0.1 433 451 458 491
P0727 0.1 364 537 389 577
P0727 0.1 584 434 639 522
P0727 0.1 805 592 853 670
P0727 0.1 489 713 514 753
P0727 0.1 567 741 592 781
P0727 0.1 870 890 932 989
P0727 0.1 226 937 280 1023
P0728 0.090909 123 349 165 375
P0728 0.090909 294 411 351 446
P0728 0.090909 1189 1070 1238 1100
P0728 0.090909 1220 1089 1267 1118
P0728 0.090909 1285 1125 1331 1153
P0728 0.090909 357 1164 400 1191
P0728 0.090909 1093 1179 1133 1204
P0728 0.090909 1132 1214 1172 1239
P0728 0.090909 1569 1332 1616 1361
P0728 0.125 881 671 906 711
P0728 0.125 83 692 108 732
P0728 0.125 96 719 121 759
P0728 0.125 1406 791 1431 831
P0728 0.125 252 909 277 949
P0728 0.125 229 913 254 953
P0730 0.14286 1017 416 1060 443
P0730 0.14286 1199 453 1241 479
P0730 0.14286 1184 500 1232 530
P0730 0.14286 821 623 861 648
P0730 0.14286 1215 661 1255 686
P0731 0.33333 621 1103 714 1161
P0732 0.25 133 187 173 212
P0732 0.25 957 672 998 698
P0733 0.14286 1375 299 1415 324
P0733 0.14286 1475 298 1517 324
P0733 0.14286 1796 489 1836 514
P0733 0.14286 1981 493 2029 522
P0733 0.14286 2656 662 2701 690
P0734 0.125 111 353 153 379
P0734 0.125 126 413 166 438
P0734 0.125 116 399 204 454
P0734 0.125 481 519 521 544
P0734 0.125 661 544 701 569
P0734 0.125 1815 1055 1857 1081
P0734 0.071429 1538 46 1565 89
P0734 0.071429 199 104 224 144
P0734 0.071429 223 415 248 455
P0734 0.071429 441 549 466 589
P0734 0.071429 154 759 179 799
P0734 0.071429 115 1059 142 1102
P0734 0.071429 92 1060 117 1100
P0734 0.071429 741 1226 778 1286
P0734 0.071429 1030 1336 1060 1385
P0734 0.071429 1253 1395 1285 1447
P0734 0.071429 167 1587 192 1627
P0734 0.071429 699 1589 726 1632
P0737 0.2 318 375 360 401
P0737 0.2 1771 934 1811 959
P0737 0.2 1506 961 1548 987
P0737 0.14286 1767 337 1799 388
P0737 0.14286 850 327 875 367
P0737 0.14286 1392 558 1417 598
P0737 0.14286 1046 835 1073 878
P0737 0.14286 1639 1214 1667 1260
P0738 0.25 250 367 290 392
P0738 0.25 58 615 98 640
P0743 0.33333 506 424 552 452
P0743 0.1 150 140 179 187
P0743 0.1 97 253 122 293
P0743 0.1 970 277 1018 355
P0743 0.1 142 302 167 342
P0743 0.1 1112 405 1137 445
P0743 0.1 62 410 93 461
P0743 0.1 41 464 72 514
P0743 0.1 105 455 130 495
P0744 0.2 1047 665 1090 692
P0744 0.2 627 868 667 893
P0744 0.2 525 1188 566 1214
P0745 0.33333 1530 183 1593 222
P0745 0.33333 1658 267 1683 307
P0746 0.2 424 164 449 204
P0746 0.2 173 210 201 255
P0746 0.2 1315 188 1373 280
P0750 0.16667 106 654 146 679
P0750 0.16667 161 736 201 761
P0750 0.16667 224 749 264 774
P0750 0.16667 612 768 664 800
P0750 0.14286 16 186 42 227
P0750 0.14286 349 268 378 315
P0750 0.14286 751 325 777 367
P0750 0.14286 1235 448 1321 585
P0750 0.14286 587 702 614 745
P0753 0.16667 279 266 331 298
P0753 0.16667 251 384 299 414
P0753 0.16667 149 462 193 490
P0753 0.16667 244 506 290 534
P0754 0.33333 612 1125 652 1150
P0755 0.33333 1287 430 1368 481
P0755 0.33333 296 928 321 968
P0757 0.33333 856 525 900 552
P0759 0.16667 744 61 790 90
P0759 0.16667 1080 180 1124 208
P0759 0.16667 980 677 1020 702
P0759 0.16667 400 822 440 847
P0759 0.090909 800 216 825 256
P0759 0.090909 945 426 970 466
P0759 0.090909 25 451 50 491
P0759 0.090909 63 509 88 549
P0759 0.090909 97 556 123 598
P0759 0.090909 160 645 188 690
P0759 0.090909 221 731 246 771
P0759 0.090909 328 883 355 926
P0759 0.090909 794 896 821 940
P0760 0.16667 838 59 921 111
P0760 0.16667 1277 227 1317 252
P0760 0.16667 179 449 219 474
P0760 0.16667 1242 661 1286 688
P0760 0.16667 1287 157 1314 200
P0760 0.16667 92 401 120 446
P0760 0.16667 134 553 161 597
P0760 0.16667 347 765 372 805
P0762 0.25 1215 105 1261 133
P0762 0.25 216 489 268 521
P0766 0.2 476 308 564 363
P0766 0.2 550 402 642 460
P0766 0.2 565 422 656 479
P0766 0.25 389 177 443 263
P0766 0.25 222 357 279 448
P0768 0.076923 1897 435 1941 462
P0768 0.076923 588 445 631 472
P0768 0.076923 1970 478 2022 510
P0768 0.076923 660 572 741 623
P0768 0.076923 546 607 590 635
P0768 0.076923 793 625 845 657
P0768 0.076923 608 667 654 696
P0768 0.076923 476 629 516 654
P0768 0.076923 1002 736 1079 784
P0768 0.076923 304 672 395 729
P0768 0.076923 977 760 1017 785
P0768 0.2 918 211 969 292
P0768 0.2 927 222 954 266
P0768 0.2 1866 230 1891 270
P0775 0.33333 344 453 384 478
P0775 0.33333 1562 210 1617 298
P0777 0.33333 1475 146 1528 231
P0778 0.25 1392 1082 1432 1107
P0778 0.25 91 1230 133 1256
P0778 0.33333 51 941 79 986
P0779 0.33333 373 211 413 236
P0779 0.33333 620 124 645 164
P0780 0.33333 1010 1334 1035 1374
P0781 0.33333 284 659 310 701
P0782 0.33333 448 997 488 1022
P0783 0.083333 226 554 283 589
P0783 0.083333 238 589 286 618
P0783 0.083333 2046 704 2086 729
P0783 0.083333 2032 734 2072 759
P0783 0.083333 2126 718 2208 769
P0783 0.083333 2223 1061 2263 1086
P0783 0.083333 732 1078 772 1103
P0783 0.083333 2117 1137 2157 1162
P0783 0.083333 2133 1151 2173 1176
P0783 0.083333 1413 1331 1456 1358
P0783 0.11111 501 216 529 261
P0783 0.11111 2249 460 2274 500
P0783 0.11111 1985 1031 2010 1071
P0783 0.11111 1502 1243 1527 1283
P0783 0.11111 1554 1271 1579 1311
P0783 0.11111 1574 1292 1600 1333
P0783 0.11111 1803 1310 1828 1350
P0785 0.076923 1246 1032 1355 1207
P0785 0.076923 1250 1348 1484 1723
P0785 0.076923 1901 1438 1967 1543
P0785 0.076923 419 1986 540 2179
P0785 0.076923 501 2033 739 2413
P0785 0.076923 1336 2057 1439 2222
P0785 0.076923 1358 2339 1454 2492
P0785 0.076923 1363 2467 1461 2624
P0785 0.076923 475 2538 503 2583
P0785 0.076923 1368 2605 1470 2769
P0785 0.076923 1377 2728 1486 2902
P0786 0.33333 918 964 1019 1027
P0790 0.125 8 141 63 175
P0790 0.125 853 425 898 453
P0790 0.125 531 730 571 755
P0790 0.125 518 848 558 873
P0790 0.125 509 916 559 947
P0790 0.125 1533 1134 1582 1164
P0792 0.33333 308 663 354 691
P0800 0.25 728 1080 778 1111
P0800 0.25 796 1557 836 1582
P0800 0.33333 237 1493 266 1539
P0803 0.055556 1044 95 1088 122
P0803 0.055556 1198 115 1238 140
P0803 0.055556 905 277 949 304
P0803 0.055556 1118 361 1158 386
P0803 0.055556 170 410 214 438
P0803 0.055556 848 447 890 473
P0803 0.055556 795 426 839 453
P0803 0.055556 882 459 928 488
P0803 0.055556 855 460 903 490
P0803 0.055556 850 449 938 504
P0803 0.055556 921 473 966 501
P0803 0.055556 876 511 922 540
P0803 0.055556 63 537 103 562
P0803 0.055556 165 536 205 561
P0803 0.055556 165 576 207 602
P0803 0.055556 1289 796 1329 821
P0803 0.16667 29 44 54 84
P0803 0.16667 738 498 766 544
P0803 0.16667 216 512 241 552
P0803 0.16667 985 681 1010 721
P0804 0.16667 1036 92 1121 145
P0804 0.16667 696 257 738 283
P0804 0.16667 155 695 195 720
P0804 0.16667 238 691 326 746
P0804 0.25 444 580 490 654
P0804 0.25 424 600 483 694
P0805 0.33333 952 451 1126 560
P0806 0.125 64 30 104 55
P0806 0.125 111 110 152 135
P0806 0.125 40 190 85 218
P0806 0.125 749 348 840 405
P0806 0.125 1029 369 1072 396
P0806 0.125 895 797 941 825
P0810 0.33333 448 511 488 536
P0810 0.33333 188 236 221 289
P0817 0.25 251 76 291 101
P0817 0.25 1065 248 1111 276
P0817 0.125 51 518 76 558
P0817 0.125 3 529 28 569
P0817 0.125 234 826 262 872
P0817 0.125 31 857 60 904
P0817 0.125 264 885 291 929
P0817 0.125 288 886 313 926
P0818 0.16667 32 318 72 343
P0818 0.16667 533 416 580 445
P0818 0.16667 675 538 715 563
P0818 0.16667 400 542 440 567
P0818 0.25 888 61 914 103
P0818 0.25 761 403 788 447
P0819 0.16667 252 503 296 530
P0819 0.16667 614 647 656 673
P0819 0.16667 216 731 268 763
P0819 0.16667 281 762 321 787
P0823 0.25 1332 1078 1387 1166
P0823 0.25 168 1553 223 1641
P0825 0.25 593 159 618 199
P0825 0.25 220 306 248 350
P0828 0.33333 1233 184 1275 210
P0829 0.25 847 198 892 226
P0829 0.25 13 1323 60 1352
P0840 0.2 3117 356 3157 381
P0840 0.2 2885 1969 2994 2037
P0840 0.2 214 1849 295 1900
P0845 0.33333 411 183 455 210
P0846 0.2 851 231 895 258
P0846 0.2 1157 240 1197 265
P0846 0.2 418 225 458 250
P0849 0.33333 1450 298 1498 328
P0851 0.25 660 279 700 304
P0851 0.25 496 366 536 391
P0851 0.33333 476 163 526 243
P0853 0.16667 721 286 765 313
P0853 0.16667 823 353 863 378
P0853 0.16667 326 939 366 964
P0853 0.16667 350 953 390 978
P0853 0.083333 815 521 840 561
P0853 0.083333 55 468 102 544
P0853 0.083333 945 579 970 619
P0853 0.083333 432 588 460 634
P0853 0.083333 753 612 780 656
P0853 0.083333 729 646 759 694
P0853 0.083333 909 630 934 670
P0853 0.083333 866 695 891 735
P0853 0.083333 854 713 882 758
P0853 0.083333 835 742 862 785
P0855 0.028571 631 305 671 330
P0855 0.028571 16 422 56 447
P0855 0.028571 37 436 85 465
P0855 0.028571 17 489 57 514
P0855 0.028571 74 509 114 534
P0855 0.028571 129 526 169 551
P0855 0.028571 96 524 145 554
P0855 0.028571 108 496 163 530
P0855 0.028571 380 548 420 573
P0855 0.028571 168 550 217 580
P0855 0.028571 271 569 311 594
P0855 0.028571 326 627 384 663
P0855 0.028571 278 613 318 638
P0855 0.028571 156 608 203 637
P0855 0.028571 428 659 468 684
P0855 0.028571 294 604 362 646
P0855 0.028571 264 637 316 669
P0855 0.028571 430 700 476 728
P0855 0.028571 420 708 460 733
P0855 0.028571 477 734 517 759
P0855 0.028571 519 734 566 763
P0855 0.028571 530 774 576 802
P0855 0.028571 472 754 512 779
P0855 0.028571 616 767 656 792
P0855 0.028571 540 754 592 786
P0855 0.028571 577 811 619 837
P0855 0.028571 577 771 659 822
P0855 0.028571 675 810 715 835
P0855 0.028571 650 828 693 855
P0855 0.028571 674 832 724 863
P0855 0.028571 629 807 681 839
P0855 0.028571 546 795 624 843
P0855 0.028571 598 810 650 842
P0855 0.058824 1127 6 1152 46
P0855 0.058824 684 273 709 313
P0855 0.058824 811 325 836 365
P0855 0.058824 1029 452 1055 494
P0855 0.058824 297 360 362 464
P0855 0.058824 1006 496 1032 538
P0855 0.058824 1039 522 1064 562
P0855 0.058824 982 532 1010 577
P0855 0.058824 867 611 920 696
P0855 0.058824 890 703 915 743
P0855 0.058824 944 739 971 783
P0855 0.058824 95 767 120 807
P0855 0.058824 857 755 883 797
P0855 0.058824 952 794 977 834
P0855 0.058824 70 809 95 849
P0856 0.125 245 764 289 791
P0856 0.125 162 813 202 838
P0856 0.125 1603 1173 1651 1203
P0856 0.125 1080 1190 1126 1218
P0856 0.125 1556 1254 1608 1286
P0856 0.125 836 1354 882 1382
P0856 0.33333 771 735 796 775
P0857 0.25 1151 155 1191 180
P0857 0.25 906 404 946 429
P0857 0.071429 467 394 494 438
P0857 0.071429 793 524 821 570
P0857 0.071429 563 575 624 673
P0857 0.071429 611 691 655 762
P0857 0.071429 582 716 623 782
P0857 0.071429 767 931 816 1010
P0857 0.071429 778 1180 803 1220
P0857 0.071429 698 1189 723 1229
P0857 0.071429 825 1223 876 1304
P0857 0.071429 1024 1408 1079 1496
P0857 0.071429 985 1433 1040 1521
P0857 0.071429 934 1607 966 1659
P0860 0.11111 501 434 553 466
P0860 0.11111 491 430 569 478
P0860 0.11111 2370 1414 2449 1463
P0860 0.11111 1852 1516 1898 1544
P0860 0.11111 2670 1657 2710 1682
P0860 0.11111 2226 1676 2269 1703
P0860 0.11111 2034 1688 2074 1713
P0861 0.0625 1259 423 1306 452
P0861 0.0625 849 585 889 610
P0861 0.0625 1161 684 1210 714
P0861 0.0625 690 686 735 714
P0861 0.0625 668 1404 762 1463
P0861 0.0625 371 1666 417 1694
P0861 0.0625 458 1686 502 1713
P0861 0.0625 638 1735 680 1761
P0861 0.0625 370 1691 422 1723
P0861 0.0625 792 1798 832 1823
P0861 0.0625 348 1809 394 1837
P0861 0.0625 599 1748 691 1806
P0861 0.0625 1347 2108 1389 2134
P0861 0.0625 1336 2127 1388 2159
P0867 0.076923 149 781 198 811
P0867 0.076923 818 949 858 974
P0867 0.076923 2128 1213 2216 1268
P0867 0.076923 2357 1469 2397 1494
P0867 0.076923 2202 1509 2245 1536
P0867 0.076923 2041 1470 2093 1502
P0867 0.076923 2326 1529 2370 1556
P0867 0.076923 2032 1523 2094 1561
P0867 0.076923 2287 1854 2333 1882
P0867 0.076923 1955 1784 2010 1818
P0867 0.076923 2074 1858 2120 1886
P0867 0.33333 1642 984 1694 1067
P0868 0.013699 2965 166 3005 191
P0868 0.013699 1308 125 1394 178
P0868 0.013699 1950 169 1995 197
P0868 0.013699 2615 176 2667 208
P0868 0.013699 456 425 506 456
P0868 0.013699 2397 438 2446 468
P0868 0.013699 2253 440 2299 469
P0868 0.013699 2345 374 2397 406
P0868 0.013699 394 446 492 507
P0868 0.013699 2349 499 2389 524
P0868 0.013699 673 563 771 624
P0868 0.013699 2693 569 2733 594
P0868 0.013699 1491 623 1534 650
P0868 0.013699 1654 619 1698 646
P0868 0.013699 2272 629 2312 654
P0868 0.013699 2143 637 2187 664
P0868 0.013699 312 616 372 653
P0868 0.013699 640 598 726 652
P0868 0.013699 1249 640 1306 675
P0868 0.013699 3029 815 3069 840
P0868 0.013699 3084 848 3124 873
P0868 0.013699 1729 853 1776 882
P0868 0.013699 666 849 747 900
P0868 0.013699 1307 912 1356 942
P0868 0.013699 3048 1024 3091 1051
P0868 0.013699 2654 1004 2751 1064
P0868 0.013699 3028 1056 3068 1081
P0868 0.013699 2262 1049 2348 1103
P0868 0.013699 3006 1101 3046 1126
P0868 0.013699 2256 1096 2310 1129
P0868 0.013699 1611 1106 1671 1143
P0868 0.013699 2331 1124 2419 1179
P0868 0.013699 1980 1140 2068 1195
P0868 0.013699 2549 1170 2624 1216
P0868 0.013699 1939 1230 1979 1255
P0868 0.013699 2132 1256 2218 1310
P0868 0.013699 2268 1260 2349 1311
P0868 0.013699 1897 1272 2004 1339
P0868 0.013699 2241 1281 2286 1309
P0868 0.013699 2194 1286 2238 1313
P0868 0.013699 2556 1332 2596 1357
P0868 0.013699 2815 1404 2859 1431
P0868 0.013699 2508 1421 2562 1454
P0868 0.013699 2529 1356 2581 1388
P0868 0.013699 2773 1424 2831 1460
P0868 0.013699 1705 1448 1790 1501
P0868 0.013699 1085 1596 1168 1647
P0868 0.013699 2188 1690 2240 1722
P0868 0.013699 1910 1699 2003 1757
P0868 0.013699 2175 1724 2260 1777
P0868 0.013699 2262 1788 2308 1816
P0868 0.013699 2531 1790 2574 1817
P0868 0.013699 2433 1814 2478 1842
P0868 0.013699 2261 1751 2327 1792
P0868 0.013699 2907 1783 2975 1825
P0868 0.013699 1395 1855 1469 1901
P0868 0.013699 1391 1899 1446 1933
P0868 0.013699 2980 1826 3032 1858
P0868 0.013699 2503 1888 2557 1921
P0868 0.013699 1633 1910 1727 1969
P0868 0.013699 2246 1927 2315 1970
P0868 0.013699 2662 2212 2707 2240
P0868 0.013699 2852 2198 2894 2224
P0868 0.013699 2537 2200 2589 2232
P0868 0.013699 1285 2200 1332 2229
P0868 0.013699 1548 2255 1588 2280
P0868 0.013699 1798 2254 1838 2279
P0868 0.013699 2097 2279 2137 2304
P0868 0.013699 2272 2245 2312 2270
P0868 0.013699 2038 2267 2085 2296
P0868 0.013699 1201 2193 1253 2225
P0868 0.076923 411 7 436 47
P0868 0.076923 543 78 568 118
P0868 0.076923 1810 157 1835 197
P0868 0.076923 2154 115 2186 167
P0868 0.076923 2723 698 2748 738
P0868 0.076923 2648 1484 2673 1524
P0868 0.076923 2046 1589 2071 1629
P0868 0.076923 1320 2124 1346 2166
P0868 0.076923 1394 2124 1419 2164
P0868 0.076923 1785 2149 1810 2189
P0868 0.076923 707 2151 732 2191
P0869 0.25 615 490 640 530
P0869 0.25 241 1016 266 1056
P0870 0.33333 803 913 843 938
P0871 0.33333 875 1248 915 1273
P0871 0.33333 2230 2759 2287 2850
P0874 0.076923 740 79 782 105
P0874 0.076923 635 960 683 990
P0874 0.076923 361 1143 439 1191
P0874 0.076923 710 1214 798 1269
P0874 0.076923 413 1267 501 1322
P0874 0.076923 302 1366 403 1429
P0874 0.076923 351 1407 456 1473
P0874 0.076923 914 1554 1002 1609
P0874 0.076923 354 1542 464 1610
P0874 0.076923 579 1838 667 1893
P0874 0.076923 140 1900 228 1955
P0875 0.33333 435 946 490 1034
P0878 0.25 284 941 324 966
P0878 0.25 1349 1463 1389 1488
P0878 0.2 547 682 572 722
P0878 0.2 375 763 400 803
P0878 0.2 2027 1453 2052 1493
P0883 0.25 662 1025 712 1056
P0883 0.25 730 1075 782 1107
P0883 0.16667 853 273 885 324
P0883 0.16667 506 554 531 594
P0883 0.16667 926 839 951 879
P0883 0.16667 866 934 891 975
P0884 0.33333 417 162 457 187
P0888 0.038462 4954 253 5022 295
P0888 0.038462 4855 285 4909 318
P0888 0.038462 1445 419 1514 462
P0888 0.038462 850 392 897 421
P0888 0.038462 2960 522 3039 571
P0888 0.038462 3954 467 3994 492
P0888 0.038462 4048 582 4131 634
P0888 0.038462 5316 484 5364 513
P0888 0.038462 1437 597 1506 640
P0888 0.038462 4070 649 4168 710
P0888 0.038462 2247 676 2326 725
P0888 0.038462 1770 576 1817 605
P0888 0.038462 3497 575 3546 605
P0888 0.038462 5358 603 5410 635
P0888 0.038462 4575 647 4689 718
P0888 0.038462 3869 813 3955 867
P0888 0.038462 3885 663 3925 688
P0888 0.038462 4960 838 5036 885
P0888 0.038462 4051 901 4106 935
P0888 0.038462 5068 768 5156 823
P0888 0.038462 2238 854 2332 913
P0888 0.038462 2976 814 3016 839
P0888 0.038462 2772 875 2812 900
P0888 0.038462 3906 897 3950 924
P0893 0.2 638 3767 678 3792
P0893 0.2 546 3950 587 3976
P0893 0.2 707 4622 747 4647
P0893 0.25 619 4046 645 4088
P0893 0.25 824 4792 849 4832
P0894 0.25 359 1081 399 1106
P0894 0.25 1073 1455 1113 1480
P0894 0.33333 12 379 75 480
P0898 0.083333 540 420 588 450
P0898 0.083333 1216 476 1264 506
P0898 0.083333 1300 539 1340 564
P0898 0.083333 426 559 478 591
P0898 0.083333 1288 759 1334 787
P0898 0.083333 1457 1731 1497 1756
P0898 0.083333 1645 2195 1716 2239
P0898 0.083333 2616 3309 2656 3334
P0898 0.083333 367 3390 407 3415
P0898 0.083333 506 3634 546 3659
P0898 0.25 1619 2316 1721 2480
P0898 0.25 1613 2649 1706 2798
P0899 0.25 1772 644 1816 671
P0899 0.25 1094 1212 1134 1237
P0900 0.25 1430 456 1470 481
P0900 0.25 1316 636 1356 661
P0900 0.33333 672 2042 700 2087
P0906 0.25 1330 1318 1410 1368
P0906 0.25 1149 1374 1240 1431
P0906 0.11111 1472 1025 1518 1100
P0906 0.11111 1447 1034 1496 1113
P0906 0.11111 1422 1046 1471 1125
P0906 0.11111 1052 1178 1084 1230
P0906 0.11111 1028 1181 1060 1233
P0906 0.11111 1183 1131 1213 1179
P0906 0.11111 1005 1190 1035 1238
